 2499 
 2500 
 2501 
 2502 
 2571 
 2572 
 2573 
 2574 
 2643 
 2644 
 2645 
 2646 
 2715 
 2716 
 2717 
 2718 
 2787 
 2788 
 2789 
 2790 
 2859 
 2860 
 2861 
 2862 
 2931 
 2932 
 2933 
 2934 
 3003 
 3004 
 3005 
 3006 
 3075 
 3076 
 3077 
 3078 
 3147 
 3148 
 3149 
 3150 
 3219 
 3220 
 3221 
 3222 
 2163 
 2164 
 2165 
 2166 
 2167 
 2168 
 2169 
 2170 
 2171 
 2172 
 2235 
 2236 
 2237 
 2238 
 2239 
 2240 
 2241 
 2242 
 2243 
 2244 
 2307 
 2308 
 2309 
 2310 
 2311 
 2312 
 2313 
 2314 
 2315 
 2316 
 2379 
 2380 
 2381 
 2382 
 2383 
 2384 
 2385 
 2386 
 2387 
 2388 
