   25 
   26 
   27 
   28 
   29 
   30 
   31 
   32 
   97 
   98 
   99 
  100 
  101 
  102 
  103 
  104 
  169 
  170 
  171 
  172 
  173 
  174 
  175 
  176 
  241 
  242 
  243 
  244 
  245 
  246 
  247 
  248 
  313 
  314 
  315 
  316 
  317 
  318 
  319 
  320 
  385 
  386 
  387 
  388 
  389 
  390 
  391 
  392 
  457 
  458 
  459 
  460 
  461 
  462 
  463 
  464 
  529 
  530 
  531 
  532 
  533 
  534 
  535 
  536 
  601 
  602 
  603 
  604 
  605 
  606 
  607 
  608 
  673 
  674 
  675 
  676 
  677 
  678 
  679 
  680 
  745 
  746 
  747 
  748 
  749 
  750 
  751 
  752 
  817 
  818 
  819 
  820 
  821 
  822 
  823 
  824 
  889 
  890 
  891 
  892 
  893 
  894 
  895 
  896 
  961 
  962 
  963 
  964 
  965 
  966 
  967 
  968 
 1033 
 1034 
 1035 
 1036 
 1037 
 1038 
 1039 
 1040 
 1105 
 1106 
 1107 
 1108 
 1109 
 1110 
 1111 
 1112 
 1177 
 1178 
 1179 
 1180 
 1181 
 1182 
 1183 
 1184 
 1249 
 1250 
 1251 
 1252 
 1253 
 1254 
 1255 
 1256 
 1321 
 1322 
 1323 
 1324 
 1325 
 1326 
 1327 
 1328 
 1393 
 1394 
 1395 
 1396 
 1397 
 1398 
 1399 
 1400 
 1465 
 1466 
 1467 
 1468 
 1469 
 1470 
 1471 
 1472 
 1537 
 1538 
 1539 
 1540 
 1541 
 1542 
 1543 
 1544 
 1609 
 1610 
 1611 
 1612 
 1613 
 1614 
 1615 
 1616 
 1681 
 1682 
 1683 
 1684 
 1685 
 1686 
 1687 
 1688 
 1753 
 1754 
 1755 
 1756 
 1757 
 1758 
 1759 
 1760 
 1825 
 1826 
 1827 
 1828 
 1829 
 1830 
 1831 
 1832 
 1897 
 1898 
 1899 
 1900 
 1901 
 1902 
 1903 
 1904 
 1969 
 1970 
 1971 
 1972 
 1973 
 1974 
 1975 
 1976 
 2041 
 2042 
 2043 
 2044 
 2045 
 2046 
 2047 
 2048 
 2113 
 2114 
 2115 
 2116 
 2117 
 2118 
 2119 
 2120 
 2185 
 2186 
 2187 
 2188 
 2189 
 2190 
 2191 
 2192 
 2257 
 2258 
 2259 
 2260 
 2261 
 2262 
 2263 
 2264 
 2329 
 2330 
 2331 
 2332 
 2333 
 2334 
 2335 
 2336 
 2401 
 2402 
 2403 
 2404 
 2405 
 2406 
 2407 
 2408 
 2473 
 2474 
 2475 
 2476 
 2477 
 2478 
 2479 
 2480 
 2545 
 2546 
 2547 
 2548 
 2549 
 2550 
 2551 
 2552 
 2617 
 2618 
 2619 
 2620 
 2621 
 2622 
 2623 
 2624 
 2689 
 2690 
 2691 
 2692 
 2693 
 2694 
 2695 
 2696 
 2761 
 2762 
 2763 
 2764 
 2765 
 2766 
 2767 
 2768 
 2833 
 2834 
 2835 
 2836 
 2837 
 2838 
 2839 
 2840 
 2905 
 2906 
 2907 
 2908 
 2909 
 2910 
 2911 
 2912 
 2977 
 2978 
 2979 
 2980 
 2981 
 2982 
 2983 
 2984 
 3049 
 3050 
 3051 
 3052 
 3053 
 3054 
 3055 
 3056 
 3121 
 3122 
 3123 
 3124 
 3125 
 3126 
 3127 
 3128 
 3193 
 3194 
 3195 
 3196 
 3197 
 3198 
 3199 
 3200 
 3265 
 3266 
 3267 
 3268 
 3269 
 3270 
 3271 
 3272 
 3337 
 3338 
 3339 
 3340 
 3341 
 3342 
 3343 
 3344 
 3409 
 3410 
 3411 
 3412 
 3413 
 3414 
 3415 
 3416 
 3481 
 3482 
 3483 
 3484 
 3485 
 3486 
 3487 
 3488 
 3553 
 3554 
 3555 
 3556 
 3557 
 3558 
 3559 
 3560 
 3625 
 3626 
 3627 
 3628 
 3629 
 3630 
 3631 
 3632 
 3697 
 3698 
 3699 
 3700 
 3701 
 3702 
 3703 
 3704 
 3769 
 3770 
 3771 
 3772 
 3773 
 3774 
 3775 
 3776 
 3841 
 3842 
 3843 
 3844 
 3845 
 3846 
 3847 
 3848 
 3913 
 3914 
 3915 
 3916 
 3917 
 3918 
 3919 
 3920 
 3985 
 3986 
 3987 
 3988 
 3989 
 3990 
 3991 
 3992 
 4057 
 4058 
 4059 
 4060 
 4061 
 4062 
 4063 
 4064 
 4129 
 4130 
 4131 
 4132 
 4133 
 4134 
 4135 
 4136 
 4201 
 4202 
 4203 
 4204 
 4205 
 4206 
 4207 
 4208 
 4273 
 4274 
 4275 
 4276 
 4277 
 4278 
 4279 
 4280 
 4345 
 4346 
 4347 
 4348 
 4349 
 4350 
 4351 
 4352 
 4417 
 4418 
 4419 
 4420 
 4421 
 4422 
 4423 
 4424 
 4489 
 4490 
 4491 
 4492 
 4493 
 4494 
 4495 
 4496 
 4561 
 4562 
 4563 
 4564 
 4565 
 4566 
 4567 
 4568 
  289 
  290 
  291 
  292 
  293 
  294 
  295 
  296 
  297 
  298 
  299 
  300 
  301 
  302 
  303 
  304 
  305 
  306 
  307 
  308 
  309 
  310 
  311 
  312 
  313 
  314 
  315 
  316 
  317 
  318 
  319 
  320 
  321 
  322 
  323 
  324 
  325 
  326 
  327 
  328 
  329 
  330 
  331 
  332 
  333 
  334 
  335 
  336 
  337 
  338 
  339 
  340 
  341 
  342 
  343 
  344 
  345 
  346 
  347 
  348 
  349 
  350 
  351 
  352 
  353 
  354 
  355 
  356 
  357 
  358 
  359 
  360 
  361 
  362 
  363 
  364 
  365 
  366 
  367 
  368 
  369 
  370 
  371 
  372 
  373 
  374 
  375 
  376 
  377 
  378 
  379 
  380 
  381 
  382 
  383 
  384 
  385 
  386 
  387 
  388 
  389 
  390 
  391 
  392 
  393 
  394 
  395 
  396 
  397 
  398 
  399 
  400 
  401 
  402 
  403 
  404 
  405 
  406 
  407 
  408 
  409 
  410 
  411 
  412 
  413 
  414 
  415 
  416 
  417 
  418 
  419 
  420 
  421 
  422 
  423 
  424 
  425 
  426 
  427 
  428 
  429 
  430 
  431 
  432 
  433 
  434 
  435 
  436 
  437 
  438 
  439 
  440 
  441 
  442 
  443 
  444 
  445 
  446 
  447 
  448 
  449 
  450 
  451 
  452 
  453 
  454 
  455 
  456 
  457 
  458 
  459 
  460 
  461 
  462 
  463 
  464 
  465 
  466 
  467 
  468 
  469 
  470 
  471 
  472 
  473 
  474 
  475 
  476 
  477 
  478 
  479 
  480 
  481 
  482 
  483 
  484 
  485 
  486 
  487 
  488 
  489 
  490 
  491 
  492 
  493 
  494 
  495 
  496 
  497 
  498 
  499 
  500 
  501 
  502 
  503 
  504 
  505 
  506 
  507 
  508 
  509 
  510 
  511 
  512 
  513 
  514 
  515 
  516 
  517 
  518 
  519 
  520 
  521 
  522 
  523 
  524 
  525 
  526 
  527 
  528 
  529 
  530 
  531 
  532 
  533 
  534 
  535 
  536 
  537 
  538 
  539 
  540 
  541 
  542 
  543 
  544 
  545 
  546 
  547 
  548 
  549 
  550 
  551 
  552 
  553 
  554 
  555 
  556 
  557 
  558 
  559 
  560 
  561 
  562 
  563 
  564 
  565 
  566 
  567 
  568 
  569 
  570 
  571 
  572 
  573 
  574 
  575 
  576 
  577 
  578 
  579 
  580 
  581 
  582 
  583 
  584 
  585 
  586 
  587 
  588 
  589 
  590 
  591 
  592 
  593 
  594 
  595 
  596 
  597 
  598 
  599 
  600 
  601 
  602 
  603 
  604 
  605 
  606 
  607 
  608 
  609 
  610 
  611 
  612 
  613 
  614 
  615 
  616 
  617 
  618 
  619 
  620 
  621 
  622 
  623 
  624 
  625 
  626 
  627 
  628 
  629 
  630 
  631 
  632 
  633 
  634 
  635 
  636 
  637 
  638 
  639 
  640 
  641 
  642 
  643 
  644 
  645 
  646 
  647 
  648 
  649 
  650 
  651 
  652 
  653 
  654 
  655 
  656 
  657 
  658 
  659 
  660 
  661 
  662 
  663 
  664 
  665 
  666 
  667 
  668 
  669 
  670 
  671 
  672 
  673 
  674 
  675 
  676 
  677 
  678 
  679 
  680 
  681 
  682 
  683 
  684 
  685 
  686 
  687 
  688 
  689 
  690 
  691 
  692 
  693 
  694 
  695 
  696 
  697 
  698 
  699 
  700 
  701 
  702 
  703 
  704 
  705 
  706 
  707 
  708 
  709 
  710 
  711 
  712 
  713 
  714 
  715 
  716 
  717 
  718 
  719 
  720 
  721 
  722 
  723 
  724 
  725 
  726 
  727 
  728 
  729 
  730 
  731 
  732 
  733 
  734 
  735 
  736 
  737 
  738 
  739 
  740 
  741 
  742 
  743 
  744 
  745 
  746 
  747 
  748 
  749 
  750 
  751 
  752 
  753 
  754 
  755 
  756 
  757 
  758 
  759 
  760 
  761 
  762 
  763 
  764 
  765 
  766 
  767 
  768 
  769 
  770 
  771 
  772 
  773 
  774 
  775 
  776 
  777 
  778 
  779 
  780 
  781 
  782 
  783 
  784 
  785 
  786 
  787 
  788 
  789 
  790 
  791 
  792 
  793 
  794 
  795 
  796 
  797 
  798 
  799 
  800 
  801 
  802 
  803 
  804 
  805 
  806 
  807 
  808 
  809 
  810 
  811 
  812 
  813 
  814 
  815 
  816 
  817 
  818 
  819 
  820 
  821 
  822 
  823 
  824 
  825 
  826 
  827 
  828 
  829 
  830 
  831 
  832 
  833 
  834 
  835 
  836 
  837 
  838 
  839 
  840 
  841 
  842 
  843 
  844 
  845 
  846 
  847 
  848 
  849 
  850 
  851 
  852 
  853 
  854 
  855 
  856 
  857 
  858 
  859 
  860 
  861 
  862 
  863 
  864 
