% contact : Philip Gentry
% he said this is T2LT from MSU, and is the anomaly from seasonal averages
%Year Mo Globe  Land Ocean   NH   Land Ocean   SH   Land Ocean Trpcs  Land Ocean NoExt  Land Ocean SoExt  Land Ocean NoPol  Land Ocean SoPol  Land Ocean USA48
 1978 12 -0.28 -0.35 -0.24 -0.30 -0.40 -0.21 -0.26 -0.25 -0.27 -0.21 -0.20 -0.22 -0.38 -0.51 -0.21 -0.26 -0.19 -0.28 -0.61 -1.29  0.47 -0.21 -0.21 -0.21 -1.58
 1979  1 -0.25 -0.39 -0.17 -0.47 -0.69 -0.27 -0.03  0.17 -0.10 -0.12 -0.10 -0.13 -0.67 -0.88 -0.41  0.03  0.41 -0.07 -0.45 -1.02  0.46  0.25  0.43  0.10 -3.77
 1979  2 -0.26 -0.45 -0.14 -0.42 -0.57 -0.27 -0.10 -0.23 -0.05  0.00  0.08 -0.03 -0.65 -0.82 -0.44 -0.13 -0.39 -0.07 -2.86 -3.15 -2.39 -0.30 -0.68 -0.01 -2.39
 1979  3 -0.26 -0.33 -0.22 -0.35 -0.35 -0.34 -0.17 -0.29 -0.13 -0.10 -0.14 -0.08 -0.51 -0.46 -0.58 -0.17 -0.30 -0.13 -0.94 -1.14 -0.64 -0.41 -0.89 -0.03 -0.55
 1979  4 -0.28 -0.40 -0.21 -0.39 -0.56 -0.23 -0.17 -0.09 -0.19 -0.05 -0.04 -0.05 -0.59 -0.76 -0.37 -0.21 -0.03 -0.26 -0.92 -0.88 -0.98  0.03  0.68 -0.48 -0.92
 1979  5 -0.25 -0.34 -0.19 -0.38 -0.37 -0.39 -0.11 -0.29 -0.06 -0.12 -0.16 -0.10 -0.49 -0.43 -0.56 -0.14 -0.41 -0.07 -0.82 -0.45 -1.41  0.07 -0.10  0.20 -0.88
 1979  6 -0.20 -0.25 -0.18 -0.25 -0.29 -0.22 -0.15 -0.18 -0.14 -0.05 -0.07 -0.05 -0.32 -0.33 -0.32 -0.24 -0.33 -0.21 -0.69 -0.94 -0.30 -1.08 -1.17 -1.01 -0.28
 1979  7 -0.12 -0.27 -0.03  0.00 -0.16  0.15 -0.24 -0.49 -0.15  0.00 -0.04  0.02 -0.03 -0.24  0.24 -0.34 -0.75 -0.23 -0.15 -0.40  0.24 -1.04 -1.47 -0.69 -0.14
 1979  8 -0.24 -0.33 -0.19 -0.19 -0.29 -0.10 -0.29 -0.41 -0.25 -0.01  0.03 -0.04 -0.30 -0.42 -0.16 -0.41 -0.71 -0.33 -0.25 -0.43  0.04 -1.04 -1.14 -0.96 -0.69
 1979  9 -0.10 -0.15 -0.07 -0.14 -0.13 -0.16 -0.06 -0.20 -0.01  0.03  0.05  0.02 -0.22 -0.16 -0.29 -0.12 -0.47 -0.02 -0.17 -0.11 -0.26 -0.12 -0.34  0.06  0.96
 1979 10  0.01 -0.09  0.07 -0.04 -0.12  0.04  0.06 -0.03  0.09  0.14  0.19  0.11 -0.14 -0.21 -0.06  0.03 -0.24  0.10 -0.49 -0.60 -0.32 -0.10 -0.63  0.31  0.16
 1979 11 -0.11 -0.10 -0.12 -0.10 -0.15 -0.06 -0.12 -0.02 -0.15  0.20  0.14  0.23 -0.26 -0.27 -0.25 -0.29 -0.07 -0.35 -0.82 -0.32 -1.61 -0.08  0.01 -0.15 -1.26
 1979 12  0.02  0.22 -0.09 -0.03  0.13 -0.18  0.07  0.38 -0.04 -0.02 -0.14  0.05 -0.02  0.24 -0.34  0.10  0.76 -0.08 -1.07 -0.64 -1.75  1.34  1.50  1.21  1.66
 1980  1 -0.08 -0.32  0.06 -0.33 -0.60 -0.07  0.17  0.22  0.16  0.11  0.13  0.10 -0.56 -0.85 -0.20  0.21  0.32  0.18  0.31  0.18  0.51  0.86  0.79  0.91 -1.00
 1980  2  0.01  0.02  0.00 -0.17 -0.14 -0.20  0.18  0.32  0.14  0.12  0.04  0.16 -0.32 -0.17 -0.51  0.22  0.49  0.15  1.30  1.58  0.85  1.05  1.06  1.04 -1.13
 1980  3 -0.10 -0.31  0.02 -0.42 -0.72 -0.13  0.21  0.47  0.12  0.07 -0.06  0.14 -0.69 -0.95 -0.35  0.30  0.96  0.12 -0.22 -0.65  0.47  1.47  2.01  1.04 -1.50
 1980  4  0.04  0.05  0.03 -0.23 -0.26 -0.20  0.30  0.64  0.19  0.19  0.20  0.18 -0.46 -0.44 -0.49  0.37  1.07  0.19 -0.62 -0.53 -0.77  1.88  2.58  1.33 -0.52
 1980  5  0.08  0.08  0.08 -0.08 -0.15 -0.02  0.25  0.55  0.15  0.25  0.24  0.25 -0.25 -0.28 -0.21  0.24  0.78  0.09 -0.25 -0.54  0.21  0.83  1.16  0.57 -0.37
 1980  6  0.04 -0.16  0.16 -0.03 -0.20  0.14  0.11 -0.09  0.18  0.27  0.18  0.31 -0.17 -0.31  0.00  0.03 -0.34  0.12 -0.48 -0.73 -0.09 -0.49 -0.65 -0.36 -0.68
 1980  7  0.00  0.10 -0.06 -0.04 -0.09  0.01  0.04  0.46 -0.10  0.04  0.02  0.05 -0.09 -0.14 -0.04  0.05  0.86 -0.16 -0.79 -0.92 -0.59  1.60  2.70  0.73  0.77
 1980  8  0.05  0.16 -0.02 -0.07 -0.03 -0.10  0.17  0.54  0.04 -0.05 -0.12 -0.01 -0.06  0.01 -0.15  0.26  1.04  0.06  0.08  0.55 -0.68  1.30  2.26  0.53  0.08
 1980  9  0.07  0.14  0.02 -0.09 -0.14 -0.05  0.23  0.69  0.07  0.09  0.09  0.08 -0.19 -0.22 -0.15  0.30  1.17  0.06 -0.24 -0.12 -0.44  1.42  2.19  0.80  0.54
 1980 10 -0.03 -0.05 -0.03  0.02 -0.03  0.07 -0.09 -0.07 -0.09  0.04  0.10  0.01 -0.01 -0.09  0.10 -0.14 -0.17 -0.13  0.85  0.85  0.84 -0.52 -0.43 -0.59 -0.41
 1980 11  0.00  0.21 -0.12 -0.03  0.13 -0.19  0.03  0.37 -0.08 -0.02 -0.01 -0.03 -0.09  0.17 -0.42  0.11  0.71 -0.04 -1.53 -1.20 -2.04  0.83  1.60  0.22  0.16
 1980 12 -0.16 -0.11 -0.19 -0.26 -0.22 -0.30 -0.05  0.11 -0.11 -0.07 -0.12 -0.03 -0.36 -0.24 -0.52 -0.05  0.27 -0.13 -1.04 -0.63 -1.68  0.11  0.42 -0.14  0.91
 1981  1  0.02  0.23 -0.11 -0.09  0.32 -0.48  0.12  0.04  0.15 -0.17 -0.23 -0.14 -0.03  0.53 -0.75  0.26  0.19  0.28  1.38  2.65 -0.63  0.00 -0.20  0.15  0.45
 1981  2  0.06  0.04  0.07 -0.14 -0.04 -0.23  0.26  0.19  0.28 -0.19 -0.20 -0.18 -0.14  0.01 -0.33  0.52  0.52  0.52 -0.20  0.15 -0.77  0.63  0.51  0.72  0.17
 1981  3  0.02  0.13 -0.05 -0.08  0.09 -0.24  0.11  0.21  0.08 -0.09 -0.12 -0.07 -0.08  0.19 -0.43  0.23  0.41  0.18  0.27  0.23  0.32  1.38  1.97  0.90 -1.50
 1981  4 -0.11 -0.07 -0.14 -0.12  0.01 -0.25 -0.10 -0.22 -0.07 -0.06 -0.08 -0.05 -0.18  0.03 -0.45 -0.10 -0.30 -0.05 -0.28 -0.58  0.20  0.22 -0.60  0.86  1.80
 1981  5 -0.04 -0.10  0.00 -0.05 -0.09 -0.01 -0.02 -0.11  0.01 -0.03 -0.06 -0.01 -0.08 -0.11 -0.04  0.00 -0.11  0.03  0.03  0.12 -0.12  0.22 -0.19  0.53 -0.60
 1981  6 -0.08 -0.10 -0.07 -0.04 -0.06 -0.03 -0.12 -0.18 -0.11 -0.08 -0.04 -0.10 -0.05 -0.07 -0.03 -0.11 -0.26 -0.07 -0.14 -0.04 -0.30  0.05  0.45 -0.27  0.29
 1981  7 -0.03  0.11 -0.11 -0.05 -0.02 -0.08 -0.01  0.36 -0.13 -0.17 -0.24 -0.14  0.03  0.06 -0.01  0.06  0.82 -0.14 -0.60 -0.62 -0.58  1.16  2.16  0.36  0.26
 1981  8 -0.03  0.14 -0.12 -0.01  0.00 -0.01 -0.04  0.42 -0.20 -0.23 -0.09 -0.29  0.09  0.01  0.21  0.07  0.90 -0.15  0.32  0.46  0.11  1.46  2.82  0.38  0.21
 1981  9 -0.10  0.00 -0.16 -0.16 -0.19 -0.14 -0.04  0.35 -0.17 -0.07 -0.10 -0.06 -0.20 -0.20 -0.20 -0.03  0.70 -0.22  0.01 -0.16  0.29  1.06  1.45  0.76  0.11
 1981 10 -0.13 -0.14 -0.13 -0.09 -0.16 -0.02 -0.18 -0.10 -0.21  0.02  0.01  0.02 -0.15 -0.25 -0.04 -0.27 -0.09 -0.32  0.46  0.51  0.38  0.18  0.61 -0.16 -0.61
 1981 11 -0.13 -0.18 -0.10 -0.16 -0.17 -0.15 -0.10 -0.20 -0.06 -0.02 -0.03 -0.01 -0.23 -0.19 -0.28 -0.14 -0.41 -0.07  0.49  0.69  0.17 -0.70 -0.79 -0.62  0.47
 1981 12  0.04  0.16 -0.03 -0.06  0.10 -0.21  0.13  0.27  0.09 -0.01  0.14 -0.08 -0.10  0.08 -0.32  0.22  0.41  0.17 -0.20 -0.13 -0.31  0.37  0.63  0.17 -0.38
 1982  1 -0.21 -0.48 -0.06 -0.43 -0.79 -0.09  0.01  0.13 -0.04 -0.14 -0.12 -0.14 -0.57 -1.00 -0.01  0.06  0.33 -0.01 -1.33 -2.03 -0.22  0.64  0.57  0.71 -1.91
 1982  2 -0.21 -0.44 -0.07 -0.40 -0.67 -0.15 -0.01  0.01 -0.01 -0.19 -0.22 -0.17 -0.50 -0.78 -0.14  0.07  0.10  0.06  0.29  0.11  0.57  0.09  0.22 -0.02 -0.76
 1982  3 -0.36 -0.86 -0.07 -0.58 -0.97 -0.22 -0.14 -0.63  0.03 -0.10 -0.15 -0.08 -0.83 -1.22 -0.35 -0.16 -1.10  0.10 -1.09 -1.62 -0.25 -1.23 -2.36 -0.34 -0.66
 1982  4 -0.25 -0.38 -0.17 -0.25 -0.24 -0.26 -0.25 -0.67 -0.11 -0.15 -0.24 -0.11 -0.30 -0.24 -0.39 -0.29 -1.02 -0.10 -0.62 -0.32 -1.11 -1.13 -1.81 -0.60 -1.49
 1982  5 -0.24 -0.26 -0.22 -0.42 -0.45 -0.40 -0.05  0.10 -0.10 -0.11 -0.21 -0.05 -0.59 -0.54 -0.66 -0.02  0.37 -0.13 -1.45 -1.30 -1.69  0.80  0.87  0.75 -0.30
 1982  6 -0.16 -0.39 -0.04 -0.31 -0.50 -0.14 -0.02 -0.17  0.04  0.00 -0.08  0.05 -0.49 -0.65 -0.29 -0.01 -0.20  0.04 -0.67 -0.84 -0.40  0.45  0.39  0.49 -1.47
 1982  7 -0.33 -0.28 -0.35 -0.31 -0.32 -0.30 -0.34 -0.22 -0.38 -0.16 -0.13 -0.17 -0.41 -0.40 -0.41 -0.42 -0.23 -0.47 -0.26 -0.26 -0.24  0.09  0.56 -0.29 -0.33
 1982  8 -0.27 -0.30 -0.25 -0.38 -0.40 -0.36 -0.15 -0.11 -0.17 -0.18 -0.26 -0.14 -0.50 -0.47 -0.53 -0.12  0.10 -0.18 -0.56 -0.69 -0.37 -0.29 -0.32 -0.27 -0.18
 1982  9 -0.27 -0.32 -0.24 -0.39 -0.32 -0.46 -0.15 -0.33 -0.09 -0.15 -0.17 -0.14 -0.56 -0.41 -0.75 -0.11 -0.34 -0.05 -1.41 -1.13 -1.85 -0.36 -0.70 -0.08 -0.50
 1982 10 -0.35 -0.48 -0.28 -0.47 -0.49 -0.44 -0.24 -0.45 -0.16 -0.30 -0.38 -0.25 -0.54 -0.52 -0.55 -0.22 -0.53 -0.14 -1.09 -1.42 -0.55  0.05 -0.44  0.44 -0.43
 1982 11 -0.24 -0.33 -0.19 -0.57 -0.71 -0.44  0.09  0.40 -0.02 -0.01 -0.14  0.06 -0.82 -0.86 -0.78  0.09  0.75 -0.08 -1.44 -1.59 -1.20  0.92  1.54  0.43 -0.88
 1982 12 -0.10  0.01 -0.16 -0.21 -0.22 -0.21  0.02  0.46 -0.13  0.14  0.04  0.19 -0.36 -0.30 -0.44 -0.07  0.79 -0.30 -0.92 -0.84 -1.04  1.36  2.02  0.84  0.62
 1983  1  0.02  0.05  0.00 -0.07 -0.10 -0.04  0.11  0.36  0.02  0.54  0.24  0.70 -0.33 -0.11 -0.62 -0.18  0.17 -0.27 -0.94 -0.49 -1.66  0.85  0.75  0.93  0.41
 1983  2 -0.13 -0.19 -0.09 -0.37 -0.46 -0.28  0.11  0.32  0.04  0.53  0.40  0.59 -0.79 -0.68 -0.93 -0.15  0.09 -0.22 -0.57 -0.11 -1.31  0.41  0.09  0.66 -0.10
 1983  3  0.14 -0.03  0.23 -0.03 -0.15  0.09  0.30  0.20  0.34  0.59  0.48  0.64 -0.34 -0.33 -0.35  0.14 -0.12  0.21  0.24  0.12  0.45 -0.22 -0.52  0.01 -0.93
 1983  4  0.06 -0.06  0.12 -0.21 -0.29 -0.13  0.32  0.39  0.30  0.47  0.45  0.47 -0.54 -0.53 -0.55  0.22  0.32  0.20 -0.72 -0.36 -1.30  0.77  1.28  0.36 -3.13
 1983  5  0.11  0.07  0.13 -0.15 -0.32  0.02  0.36  0.85  0.20  0.38  0.50  0.32 -0.42 -0.58 -0.21  0.35  1.11  0.15 -1.02 -1.21 -0.70  1.52  2.46  0.77 -1.53
 1983  6 -0.14 -0.25 -0.07 -0.25 -0.35 -0.15 -0.02 -0.04 -0.02  0.23  0.24  0.23 -0.51 -0.55 -0.45 -0.15 -0.26 -0.12 -0.39 -0.03 -0.97  0.38  0.19  0.53 -0.70
 1983  7  0.05 -0.03  0.09  0.06  0.04  0.09  0.04 -0.15  0.10  0.35  0.42  0.31 -0.10 -0.08 -0.12 -0.12 -0.63  0.02 -0.12 -0.26  0.11 -0.64 -0.73 -0.57  0.20
 1983  8 -0.02  0.03 -0.05  0.00  0.07 -0.07 -0.03 -0.04 -0.03  0.13  0.15  0.12 -0.08  0.04 -0.22 -0.11 -0.18 -0.09 -0.20 -0.26 -0.09 -0.53 -0.34 -0.69  1.00
 1983  9 -0.05  0.12 -0.14 -0.11 -0.03 -0.19  0.02  0.41 -0.11  0.05  0.11  0.02 -0.16 -0.05 -0.30 -0.03  0.58 -0.20 -0.04  0.23 -0.48  1.26  1.61  0.98 -0.14
 1983 10 -0.22 -0.24 -0.20 -0.29 -0.20 -0.37 -0.15 -0.32 -0.09 -0.14 -0.18 -0.12 -0.36 -0.25 -0.51 -0.15 -0.33 -0.10 -0.91 -0.74 -1.18 -0.77 -0.92 -0.64  0.31
 1983 11 -0.16 -0.11 -0.18 -0.13  0.10 -0.34 -0.19 -0.52 -0.07 -0.12 -0.15 -0.11 -0.14  0.18 -0.55 -0.20 -0.82 -0.04 -0.45  0.07 -1.30 -1.05 -1.66 -0.56 -0.39
 1983 12 -0.40 -0.54 -0.32 -0.47 -0.58 -0.38 -0.32 -0.45 -0.28 -0.39 -0.47 -0.36 -0.52 -0.63 -0.37 -0.28 -0.40 -0.25 -0.26 -0.20 -0.34 -0.28 -0.69  0.04 -2.50
 1984  1 -0.42 -0.56 -0.34 -0.57 -0.69 -0.45 -0.28 -0.32 -0.26 -0.48 -0.55 -0.45 -0.59 -0.75 -0.38 -0.19 -0.09 -0.22 -0.94 -0.79 -1.17  0.65  0.59  0.71 -0.97
 1984  2 -0.30 -0.51 -0.18 -0.52 -0.60 -0.43 -0.09 -0.32 -0.01 -0.31 -0.32 -0.30 -0.61 -0.72 -0.47  0.01 -0.26  0.09 -0.53 -0.54 -0.51 -0.02 -0.47  0.35  0.02
 1984  3 -0.24 -0.33 -0.18 -0.54 -0.56 -0.52  0.07  0.11  0.06 -0.12 -0.14 -0.11 -0.78 -0.75 -0.82  0.19  0.45  0.13 -0.39 -0.27 -0.58  0.97  1.42  0.61 -1.29
 1984  4 -0.33 -0.50 -0.23 -0.53 -0.70 -0.36 -0.13 -0.10 -0.14 -0.19 -0.20 -0.19 -0.72 -0.91 -0.48 -0.08  0.09 -0.13 -1.39 -1.68 -0.93  0.58  0.91  0.31 -1.26
 1984  5 -0.12 -0.03 -0.17 -0.34 -0.28 -0.41  0.10  0.46 -0.02 -0.29 -0.24 -0.31 -0.36 -0.28 -0.47  0.29  0.98  0.11 -0.24  0.12 -0.83  2.08  2.85  1.46 -0.53
 1984  6 -0.28 -0.33 -0.26 -0.24 -0.27 -0.21 -0.33 -0.43 -0.29 -0.34 -0.38 -0.33 -0.14 -0.21 -0.06 -0.36 -0.55 -0.31  0.13  0.11  0.16 -0.86 -0.89 -0.83 -0.61
 1984  7 -0.33 -0.45 -0.27 -0.37 -0.40 -0.33 -0.30 -0.53 -0.22 -0.50 -0.45 -0.52 -0.29 -0.38 -0.18 -0.20 -0.61 -0.10  0.29  0.20  0.44 -1.20 -0.92 -1.42 -0.43
 1984  8 -0.28 -0.32 -0.26 -0.27 -0.26 -0.27 -0.29 -0.43 -0.25 -0.30 -0.24 -0.33 -0.28 -0.32 -0.22 -0.27 -0.46 -0.22 -0.22 -0.43  0.11  0.20  0.39  0.05 -0.05
 1984  9 -0.61 -0.81 -0.50 -0.60 -0.82 -0.39 -0.62 -0.79 -0.57 -0.59 -0.67 -0.55 -0.61 -0.89 -0.26 -0.64 -0.84 -0.58  0.18 -0.25  0.87 -0.40 -0.20 -0.55 -1.01
 1984 10 -0.31 -0.46 -0.23 -0.37 -0.47 -0.27 -0.26 -0.44 -0.20 -0.38 -0.39 -0.38 -0.37 -0.51 -0.19 -0.18 -0.45 -0.11  0.27 -0.07  0.81 -0.36 -0.81  0.00 -0.81
 1984 11 -0.53 -0.67 -0.44 -0.73 -0.79 -0.67 -0.33 -0.45 -0.29 -0.55 -0.55 -0.54 -0.79 -0.84 -0.72 -0.25 -0.42 -0.20 -1.01 -1.23 -0.65 -0.62 -0.77 -0.49 -1.01
 1984 12 -0.48 -0.88 -0.24 -0.75 -1.32 -0.21 -0.20 -0.03 -0.26 -0.44 -0.54 -0.38 -0.88 -1.54 -0.04 -0.12  0.30 -0.23 -0.48 -1.10  0.51  0.97  1.49  0.55  0.72
 1985  1 -0.26 -0.30 -0.24 -0.41 -0.46 -0.35 -0.12  0.02 -0.17 -0.31 -0.21 -0.37 -0.46 -0.56 -0.33 -0.01  0.24 -0.08  1.27  0.97  1.74  0.59  0.94  0.31 -2.08
 1985  2 -0.32 -0.42 -0.27 -0.34 -0.44 -0.25 -0.31 -0.39 -0.28 -0.30 -0.23 -0.33 -0.34 -0.51 -0.13 -0.33 -0.52 -0.28 -0.70 -0.81 -0.53 -0.72 -1.26 -0.30 -1.67
 1985  3 -0.24 -0.34 -0.18 -0.52 -0.61 -0.43  0.04  0.19 -0.01 -0.24 -0.01 -0.35 -0.65 -0.80 -0.46  0.17  0.35  0.12 -1.14 -1.20 -1.03  0.04  0.40 -0.25  0.11
 1985  4 -0.31 -0.29 -0.32 -0.51 -0.40 -0.61 -0.11 -0.08 -0.13 -0.52 -0.50 -0.53 -0.47 -0.35 -0.63  0.06  0.21  0.02 -1.87 -1.71 -2.12  0.21  0.81 -0.28  0.69
 1985  5 -0.33 -0.31 -0.34 -0.34 -0.25 -0.43 -0.32 -0.44 -0.27 -0.36 -0.31 -0.39 -0.32 -0.22 -0.44 -0.31 -0.56 -0.24 -0.50 -0.68 -0.21 -0.74 -0.91 -0.61  0.70
 1985  6 -0.30 -0.28 -0.31 -0.41 -0.43 -0.40 -0.19  0.02 -0.25 -0.42 -0.41 -0.42 -0.43 -0.47 -0.38 -0.04  0.45 -0.17 -0.30 -0.52  0.05  0.23  0.46  0.05 -0.33
 1985  7 -0.45 -0.67 -0.31 -0.61 -0.73 -0.49 -0.28 -0.56 -0.19 -0.65 -0.67 -0.64 -0.57 -0.73 -0.37 -0.11 -0.52  0.00 -0.63 -1.14  0.18 -0.72 -1.77  0.11 -0.11
 1985  8 -0.27 -0.22 -0.31 -0.46 -0.35 -0.57 -0.09  0.05 -0.13 -0.39 -0.32 -0.43 -0.49 -0.37 -0.65  0.07  0.37 -0.02 -0.85 -0.82 -0.90  0.08  0.76 -0.46 -0.76
 1985  9 -0.32 -0.39 -0.28 -0.48 -0.41 -0.54 -0.17 -0.36 -0.10 -0.38 -0.39 -0.37 -0.53 -0.41 -0.67 -0.07 -0.34  0.01 -0.20 -0.05 -0.45 -0.48 -0.41 -0.55 -1.15
 1985 10 -0.41 -0.50 -0.36 -0.43 -0.41 -0.44 -0.40 -0.66 -0.31 -0.28 -0.33 -0.26 -0.53 -0.50 -0.58 -0.43 -0.78 -0.34 -0.57 -0.62 -0.50 -0.51 -0.86 -0.23  0.28
 1985 11 -0.26 -0.40 -0.17 -0.27 -0.34 -0.20 -0.25 -0.53 -0.16 -0.31 -0.40 -0.26 -0.28 -0.36 -0.18 -0.19 -0.53 -0.10  1.22  1.23  1.19 -0.88 -1.47 -0.42 -0.82
 1985 12 -0.22 -0.30 -0.18 -0.22 -0.23 -0.21 -0.23 -0.43 -0.16 -0.26 -0.24 -0.27 -0.22 -0.22 -0.21 -0.19 -0.61 -0.08  0.89  1.03  0.67 -0.85 -1.21 -0.56 -1.15
 1986  1 -0.14 -0.02 -0.21 -0.20  0.02 -0.42 -0.07 -0.10 -0.06 -0.15 -0.18 -0.14 -0.24  0.07 -0.65 -0.02  0.00 -0.02 -0.62 -0.27 -1.20 -0.01  0.31 -0.25  0.90
 1986  2 -0.27 -0.22 -0.30 -0.52 -0.51 -0.53 -0.03  0.32 -0.15 -0.40 -0.41 -0.39 -0.57 -0.53 -0.61  0.15  0.92 -0.05  0.38  0.40  0.34  1.61  2.71  0.74  0.35
 1986  3 -0.27 -0.31 -0.24 -0.38 -0.44 -0.32 -0.15 -0.07 -0.18 -0.34 -0.41 -0.31 -0.42 -0.47 -0.36 -0.03  0.27 -0.11 -1.39 -1.28 -1.56  0.53  0.74  0.37  1.17
 1986  4 -0.14 -0.11 -0.15 -0.28 -0.20 -0.36  0.01  0.06 -0.01 -0.18 -0.16 -0.18 -0.34 -0.23 -0.48  0.11  0.28  0.06 -1.06 -0.88 -1.33  0.49  0.51  0.47  0.49
 1986  5 -0.12 -0.17 -0.10 -0.23 -0.31 -0.16 -0.01  0.09 -0.05 -0.18 -0.15 -0.19 -0.26 -0.36 -0.13  0.06  0.29  0.00 -0.63 -0.88 -0.24  0.36  0.46  0.29  0.04
 1986  6 -0.21 -0.29 -0.15 -0.19 -0.22 -0.16 -0.22 -0.42 -0.15 -0.21 -0.21 -0.21 -0.18 -0.22 -0.14 -0.22 -0.62 -0.11 -0.30 -0.52  0.05 -0.46 -1.26  0.16  0.94
 1986  7 -0.26 -0.40 -0.18 -0.33 -0.40 -0.27 -0.18 -0.40 -0.11 -0.34 -0.42 -0.30 -0.35 -0.41 -0.26 -0.08 -0.31 -0.02 -0.80 -0.59 -1.13  0.05 -0.28  0.31 -0.41
 1986  8 -0.31 -0.44 -0.23 -0.38 -0.45 -0.31 -0.24 -0.42 -0.17 -0.16 -0.09 -0.20 -0.55 -0.60 -0.49 -0.22 -0.60 -0.11 -1.21 -1.07 -1.44 -0.54 -0.68 -0.42 -0.58
 1986  9 -0.39 -0.55 -0.29 -0.49 -0.59 -0.40 -0.29 -0.49 -0.22 -0.22 -0.35 -0.16 -0.64 -0.67 -0.60 -0.31 -0.60 -0.24 -1.21 -1.06 -1.44 -0.91 -1.44 -0.49 -1.27
 1986 10 -0.38 -0.44 -0.35 -0.38 -0.41 -0.35 -0.38 -0.49 -0.35 -0.16 -0.29 -0.09 -0.53 -0.49 -0.58 -0.47 -0.54 -0.45 -0.59 -0.28 -1.08 -0.49 -0.37 -0.59 -0.38
 1986 11 -0.23 -0.44 -0.10 -0.36 -0.53 -0.20 -0.09 -0.26 -0.03 -0.13 -0.23 -0.07 -0.51 -0.66 -0.32 -0.05 -0.24  0.00 -0.35 -0.13 -0.71  0.20 -0.22  0.53 -0.09
 1986 12 -0.22 -0.42 -0.11 -0.37 -0.54 -0.21 -0.07 -0.18 -0.03 -0.07 -0.20 -0.01 -0.51 -0.62 -0.36 -0.09 -0.23 -0.05 -1.27 -1.55 -0.82 -0.40 -0.71 -0.16  0.17
 1987  1  0.04  0.07  0.02  0.05 -0.01  0.10  0.03  0.22 -0.04  0.11  0.07  0.14 -0.01 -0.05  0.04  0.01  0.39 -0.10 -0.25 -0.69  0.45  0.24  0.82 -0.22 -0.28
 1987  2  0.08  0.26 -0.02  0.07  0.40 -0.24  0.09  0.00  0.12  0.15  0.10  0.18  0.05  0.50 -0.52  0.05 -0.08  0.08 -0.56 -0.06 -1.37  0.24 -0.21  0.60  0.42
 1987  3 -0.19 -0.36 -0.09 -0.22 -0.37 -0.08 -0.16 -0.35 -0.10  0.12  0.11  0.12 -0.40 -0.52 -0.24 -0.31 -0.74 -0.19 -0.45 -0.41 -0.51 -0.48 -0.95 -0.11  0.00
 1987  4  0.00 -0.10  0.06 -0.15 -0.19 -0.10  0.15  0.09  0.17  0.24  0.16  0.29 -0.34 -0.29 -0.40  0.09 -0.01  0.12 -0.71 -1.03 -0.20 -0.69 -0.81 -0.59  0.93
 1987  5 -0.13 -0.24 -0.07 -0.25 -0.24 -0.25 -0.01 -0.22  0.06  0.03  0.03  0.03 -0.36 -0.31 -0.43 -0.06 -0.48  0.06 -0.84 -1.09 -0.44 -0.44 -0.71 -0.22  1.09
 1987  6  0.09 -0.03  0.17 -0.02 -0.22  0.17  0.20  0.32  0.17  0.35  0.22  0.42 -0.23 -0.37 -0.04  0.14  0.44  0.06 -0.72 -1.17  0.01  0.43  1.07 -0.09  0.58
 1987  7  0.05  0.03  0.06  0.04 -0.05  0.12  0.05  0.16  0.01  0.38  0.51  0.31 -0.15 -0.26 -0.02 -0.10 -0.04 -0.12 -0.29 -0.49  0.02  0.31  0.42  0.23 -0.39
 1987  8 -0.04 -0.19  0.04 -0.11 -0.20 -0.02  0.02 -0.17  0.08  0.31  0.28  0.32 -0.31 -0.36 -0.25 -0.15 -0.52 -0.05 -0.66 -0.70 -0.60 -0.33 -1.08  0.27 -0.51
 1987  9 -0.08  0.01 -0.13 -0.02  0.05 -0.10 -0.13 -0.08 -0.14  0.37  0.43  0.34 -0.25 -0.09 -0.45 -0.38 -0.46 -0.36 -1.04 -0.67 -1.65 -0.32 -0.34 -0.31 -0.39
 1987 10  0.09  0.07  0.10  0.10 -0.05  0.24  0.08  0.29  0.00  0.48  0.46  0.49 -0.08 -0.20  0.07 -0.15  0.11 -0.22  0.62  0.56  0.71 -0.01  0.33 -0.29 -0.47
 1987 11 -0.02 -0.06  0.01 -0.07 -0.13 -0.02  0.04  0.07  0.03  0.46  0.45  0.46 -0.35 -0.32 -0.38 -0.19 -0.23 -0.18 -1.10 -1.09 -1.12 -0.77 -1.18 -0.45  0.52
 1987 12  0.27  0.37  0.22  0.37  0.48  0.28  0.17  0.16  0.17  0.56  0.51  0.59  0.25  0.46  0.00 -0.01 -0.10  0.01 -0.29 -0.19 -0.46  0.07 -0.27  0.34  0.25
 1988  1  0.16  0.20  0.14  0.15  0.16  0.15  0.18  0.28  0.14  0.36  0.38  0.35  0.01  0.08 -0.07  0.11  0.22  0.08 -0.23 -0.01 -0.57  0.47  0.39  0.52 -1.34
 1988  2 -0.08 -0.29  0.04 -0.15 -0.38  0.07 -0.01 -0.12  0.02  0.23  0.22  0.24 -0.35 -0.56 -0.08 -0.13 -0.42 -0.06  0.19 -0.34  1.03 -0.59 -0.78 -0.43 -1.23
 1988  3  0.11  0.06  0.14 -0.01 -0.04  0.01  0.23  0.25  0.23  0.43  0.45  0.42 -0.27 -0.24 -0.30  0.16  0.21  0.14 -0.35  0.16 -1.16  0.21  0.16  0.25 -0.69
 1988  4 -0.05  0.01 -0.09 -0.24 -0.08 -0.38  0.13  0.19  0.12  0.09  0.23  0.02 -0.41 -0.19 -0.68  0.16  0.18  0.16 -1.62 -1.43 -1.93  0.35  0.10  0.56  0.08
 1988  5  0.01  0.06 -0.02  0.08 -0.02  0.17 -0.05  0.21 -0.14  0.14  0.23  0.10  0.05 -0.10  0.23 -0.16  0.20 -0.25  0.12 -0.24  0.69  0.12  0.70 -0.33 -0.05
 1988  6  0.04  0.17 -0.04  0.07  0.13  0.01  0.01  0.25 -0.07 -0.09 -0.01 -0.13  0.14  0.15  0.13  0.07  0.52 -0.05 -0.03 -0.01 -0.05  0.38  1.11 -0.20  0.89
 1988  7  0.12  0.23  0.05  0.19  0.33  0.06  0.04  0.03  0.05 -0.03  0.00 -0.04  0.34  0.46  0.18  0.05  0.00  0.07  0.49  0.51  0.47 -0.06 -0.53  0.31  0.16
 1988  8  0.08  0.31 -0.05  0.20  0.26  0.13 -0.03  0.41 -0.17 -0.01  0.04 -0.04  0.34  0.38  0.29 -0.07  0.58 -0.25  0.07  0.03  0.13  1.19  1.48  0.96  0.73
 1988  9  0.16  0.46 -0.02  0.16  0.41 -0.08  0.15  0.55  0.02 -0.01  0.14 -0.09  0.29  0.56 -0.05  0.20  0.72  0.06  0.18  0.71 -0.66  0.61  0.81  0.45  0.60
 1988 10  0.00  0.28 -0.16  0.06  0.14 -0.02 -0.05  0.57 -0.26 -0.11  0.10 -0.22  0.15  0.19  0.09 -0.02  0.85 -0.25 -0.17  0.07 -0.55  0.87  1.52  0.36 -0.32
 1988 11 -0.19 -0.22 -0.17 -0.28 -0.24 -0.31 -0.10 -0.20 -0.07 -0.44 -0.29 -0.52 -0.20 -0.22 -0.16  0.09 -0.11  0.14 -1.01 -0.85 -1.27 -0.08 -0.23  0.04 -0.07
 1988 12 -0.22 -0.07 -0.31 -0.29  0.04 -0.61 -0.15 -0.27 -0.10 -0.69 -0.47 -0.80 -0.08  0.20 -0.43  0.13 -0.10  0.19 -0.36  0.28 -1.37  0.30 -0.45  0.89 -0.14
 1989  1 -0.44 -0.56 -0.37 -0.55 -0.57 -0.54 -0.32 -0.52 -0.25 -0.55 -0.42 -0.62 -0.56 -0.63 -0.47 -0.19 -0.59 -0.09 -2.62 -2.56 -2.72 -0.42 -0.66 -0.24  0.91
 1989  2 -0.29 -0.44 -0.20 -0.35 -0.48 -0.23 -0.23 -0.35 -0.19 -0.67 -0.58 -0.72 -0.15 -0.42  0.19 -0.03 -0.25  0.02 -0.14  0.27 -0.79 -0.17 -0.39  0.00 -1.33
 1989  3 -0.31 -0.21 -0.37 -0.30 -0.09 -0.51 -0.32 -0.44 -0.28 -0.75 -0.76 -0.74 -0.03  0.17 -0.27 -0.14 -0.26 -0.11 -0.26  0.06 -0.78 -0.30 -0.55 -0.09  0.81
 1989  4 -0.22 -0.15 -0.26 -0.17 -0.12 -0.23 -0.26 -0.22 -0.28 -0.49 -0.41 -0.53  0.00 -0.05  0.06 -0.15  0.00 -0.19  0.31  0.23  0.43 -0.17  0.02 -0.32  0.45
 1989  5 -0.30 -0.35 -0.28 -0.26 -0.21 -0.31 -0.35 -0.61 -0.26 -0.51 -0.49 -0.52 -0.13 -0.11 -0.16 -0.27 -0.75 -0.14 -0.80 -0.63 -1.07 -1.51 -2.31 -0.88  0.05
 1989  6 -0.27 -0.33 -0.24 -0.21 -0.15 -0.27 -0.33 -0.69 -0.21 -0.48 -0.32 -0.55 -0.10 -0.10 -0.09 -0.24 -0.96 -0.04 -0.30 -0.03 -0.73 -1.36 -2.26 -0.64 -0.11
 1989  7 -0.17 -0.15 -0.19 -0.11  0.00 -0.22 -0.23 -0.42 -0.17 -0.34 -0.27 -0.38 -0.01  0.07 -0.11 -0.16 -0.52 -0.06 -0.18 -0.07 -0.36 -0.25 -0.71  0.11  0.20
 1989  8 -0.14 -0.13 -0.15 -0.16 -0.16 -0.16 -0.12 -0.06 -0.14 -0.29 -0.24 -0.32 -0.09 -0.13 -0.03 -0.03  0.09 -0.06 -0.04 -0.19  0.21  0.45  0.65  0.28 -0.68
 1989  9 -0.06  0.06 -0.14 -0.04  0.03 -0.12 -0.08  0.12 -0.15 -0.23 -0.11 -0.29  0.06  0.08  0.05 -0.01  0.30 -0.10 -0.19 -0.13 -0.28  0.53  1.05  0.11  0.02
 1989 10 -0.08  0.08 -0.17 -0.07  0.03 -0.17 -0.08  0.17 -0.17 -0.18 -0.12 -0.21 -0.01  0.10 -0.14 -0.04  0.37 -0.15 -0.61 -0.49 -0.81  0.30  0.76 -0.06  0.13
 1989 11 -0.18 -0.37 -0.07 -0.34 -0.47 -0.21 -0.02 -0.18  0.03 -0.03  0.06 -0.08 -0.49 -0.64 -0.31 -0.02 -0.41  0.08 -1.28 -1.09 -1.59 -0.66 -1.02 -0.38 -0.01
 1989 12 -0.02  0.09 -0.08 -0.14 -0.03 -0.24  0.10  0.32  0.03 -0.25 -0.20 -0.28 -0.10  0.03 -0.26  0.30  0.73  0.19  0.07  0.24 -0.21  0.93  1.61  0.38 -1.59
 1990  1 -0.11 -0.25 -0.03 -0.23 -0.43 -0.05  0.02  0.10 -0.01 -0.21 -0.13 -0.25 -0.27 -0.54  0.09  0.16  0.33  0.11 -0.77 -1.73  0.75  0.76  0.72  0.79  1.38
 1990  2 -0.24 -0.27 -0.23 -0.23 -0.17 -0.29 -0.26 -0.46 -0.19 -0.32 -0.36 -0.30 -0.15 -0.05 -0.28 -0.25 -0.69 -0.14 -1.73 -1.92 -1.43 -0.46 -0.33 -0.56  0.34
 1990  3 -0.01  0.23 -0.15  0.12  0.47 -0.21 -0.14 -0.24 -0.11 -0.18 -0.23 -0.16  0.29  0.76 -0.30 -0.14 -0.41 -0.06 -0.47  0.37 -1.81 -0.96 -1.00 -0.92  1.02
 1990  4 -0.10 -0.08 -0.12 -0.13 -0.10 -0.15 -0.08 -0.04 -0.09 -0.02  0.07 -0.06 -0.19 -0.15 -0.24 -0.10 -0.13 -0.10 -0.21  0.16 -0.79  0.07  0.09  0.05  0.46
 1990  5  0.02  0.04  0.00  0.04 -0.04  0.12 -0.01  0.19 -0.08 -0.01  0.00 -0.01  0.05 -0.05  0.19  0.00  0.35 -0.09 -0.09 -0.31  0.27  0.36  0.91 -0.09 -0.85
 1990  6  0.04  0.01  0.05  0.18  0.21  0.15 -0.11 -0.37 -0.02  0.03  0.08  0.01  0.24  0.24  0.24 -0.16 -0.70 -0.02  0.07 -0.09  0.32 -1.16 -1.61 -0.80  0.70
 1990  7 -0.03  0.00 -0.04 -0.07 -0.08 -0.06  0.02  0.16 -0.03 -0.17 -0.21 -0.16 -0.01 -0.04  0.02  0.12  0.48  0.02 -0.05 -0.04 -0.07  1.55  1.81  1.34 -0.36
 1990  8 -0.05 -0.16  0.01 -0.04 -0.13  0.05 -0.07 -0.22 -0.01 -0.05 -0.03 -0.06 -0.08 -0.20  0.08 -0.03 -0.27  0.03 -0.10 -0.52  0.57 -0.56 -0.71 -0.43 -0.44
 1990  9 -0.12 -0.19 -0.09 -0.09 -0.09 -0.08 -0.16 -0.39 -0.09 -0.07 -0.10 -0.06 -0.11 -0.12 -0.10 -0.19 -0.53 -0.10 -0.50 -0.82  0.01 -0.58 -0.80 -0.41  1.05
 1990 10  0.01  0.08 -0.03  0.02  0.02  0.03  0.00  0.19 -0.06  0.06  0.14  0.02  0.00 -0.03  0.03 -0.03  0.24 -0.10 -1.09 -1.04 -1.16 -0.35  0.08 -0.69  0.17
 1990 11  0.20  0.30  0.15  0.15  0.19  0.11  0.26  0.50  0.18  0.15  0.23  0.11  0.15  0.18  0.10  0.32  0.71  0.21 -2.16 -2.16 -2.16  0.20  0.46 -0.02  1.42
 1990 12  0.13  0.23  0.07  0.09  0.13  0.06  0.17  0.42  0.08  0.09  0.16  0.05  0.08  0.08  0.09  0.22  0.74  0.08 -1.39 -1.12 -1.83  0.68  1.05  0.38 -0.24
 1991  1  0.02 -0.09  0.09 -0.02 -0.15  0.09  0.07  0.02  0.09  0.16  0.14  0.17 -0.13 -0.26  0.02  0.04 -0.03  0.06 -0.18 -0.07 -0.35 -0.25 -0.21 -0.28 -0.79
 1991  2  0.06  0.15  0.00  0.00 -0.05  0.05  0.12  0.56 -0.03  0.14  0.15  0.14 -0.08 -0.12 -0.02  0.11  0.88 -0.10  0.11 -0.05  0.36  0.93  1.49  0.48  1.78
 1991  3  0.17  0.04  0.25  0.23  0.12  0.34  0.11 -0.10  0.19  0.15  0.14  0.15  0.24  0.08  0.44  0.13 -0.21  0.23 -0.02 -0.45  0.66 -0.44 -0.65 -0.28 -0.18
 1991  4  0.02  0.22 -0.10  0.03  0.19 -0.12  0.01  0.28 -0.08 -0.01 -0.06  0.02  0.03  0.24 -0.24  0.05  0.66 -0.12 -0.36  0.46 -1.66  0.96  1.58  0.48  0.19
 1991  5  0.08  0.06  0.10  0.20  0.12  0.27 -0.03 -0.05 -0.02  0.14  0.05  0.18  0.23  0.15  0.34 -0.12 -0.15 -0.11  0.31  0.44  0.09 -0.27 -0.77  0.13  0.90
 1991  6  0.28  0.38  0.22  0.25  0.29  0.21  0.31  0.54  0.23  0.29  0.32  0.28  0.23  0.28  0.17  0.31  0.75  0.19  0.13  0.38 -0.26  0.95  1.46  0.55 -0.16
 1991  7  0.12  0.25  0.04  0.14  0.17  0.12  0.09  0.42 -0.01  0.08  0.05  0.09  0.19  0.20  0.17  0.10  0.72 -0.07  0.53  0.51  0.57  1.08  1.71  0.58 -0.18
 1991  8  0.14  0.23  0.09  0.12  0.11  0.13  0.16  0.47  0.05 -0.01 -0.05  0.01  0.20  0.18  0.21  0.24  0.85  0.08  0.21  0.19  0.23  1.10  1.73  0.60  0.08
 1991  9 -0.05  0.07 -0.12  0.02  0.03  0.01 -0.12  0.16 -0.21  0.05  0.00  0.08 -0.02  0.01 -0.05 -0.19  0.38 -0.35  0.26  0.20  0.36  0.26  0.88 -0.24  0.10
 1991 10 -0.16 -0.15 -0.17 -0.10 -0.14 -0.07 -0.23 -0.17 -0.24 -0.36 -0.44 -0.31  0.04 -0.05  0.15 -0.17  0.06 -0.23 -0.62 -0.43 -0.92  0.29  0.13  0.42  0.26
 1991 11 -0.21 -0.16 -0.25 -0.14 -0.10 -0.18 -0.29 -0.27 -0.30 -0.22 -0.30 -0.18 -0.11 -0.04 -0.20 -0.31 -0.22 -0.34 -0.60  0.01 -1.57  0.05  0.16 -0.04 -0.61
 1991 12 -0.21 -0.21 -0.20 -0.29 -0.37 -0.20 -0.13  0.10 -0.20 -0.13 -0.23 -0.07 -0.34 -0.39 -0.28 -0.15  0.30 -0.27 -1.14 -1.06 -1.27  1.45  2.10  0.93  1.23
 1992  1 -0.14 -0.10 -0.15 -0.18 -0.12 -0.25 -0.09 -0.07 -0.09 -0.16 -0.36 -0.06 -0.15  0.05 -0.41 -0.09 -0.07 -0.10 -0.30  0.08 -0.92  0.44  0.39  0.48  0.60
 1992  2 -0.23 -0.23 -0.23 -0.22 -0.31 -0.13 -0.25 -0.09 -0.30 -0.02 -0.23  0.09 -0.30 -0.29 -0.32 -0.39 -0.10 -0.46 -0.43 -0.12 -0.92  0.20  0.10  0.28  1.05
 1992  3 -0.12 -0.18 -0.09 -0.23 -0.32 -0.15 -0.01  0.09 -0.05  0.12  0.04  0.16 -0.42 -0.43 -0.40 -0.07  0.10 -0.12  0.06  0.10 -0.02  0.12  0.10  0.14 -0.08
 1992  4 -0.29 -0.46 -0.19 -0.47 -0.65 -0.29 -0.11 -0.08 -0.12  0.10  0.04  0.13 -0.76 -0.87 -0.61 -0.22 -0.20 -0.22 -1.58 -1.78 -1.27  0.09  0.00  0.16  0.59
 1992  5 -0.27 -0.43 -0.17 -0.54 -0.70 -0.37  0.00  0.10 -0.03 -0.03  0.01 -0.05 -0.76 -0.88 -0.60 -0.02  0.04 -0.04 -1.73 -1.51 -2.07  0.74  0.88  0.64  0.35
 1992  6 -0.25 -0.40 -0.16 -0.45 -0.66 -0.25 -0.05  0.09 -0.10  0.02 -0.01  0.03 -0.70 -0.86 -0.49 -0.08  0.15 -0.14 -1.13 -1.27 -0.91  0.53  0.75  0.35 -0.47
 1992  7 -0.40 -0.58 -0.30 -0.63 -0.85 -0.42 -0.18 -0.05 -0.22 -0.33 -0.40 -0.29 -0.78 -1.00 -0.50 -0.11  0.22 -0.20 -1.08 -1.09 -1.07  0.30  0.54  0.11 -1.46
 1992  8 -0.47 -0.53 -0.43 -0.54 -0.61 -0.48 -0.39 -0.38 -0.40 -0.28 -0.39 -0.22 -0.68 -0.67 -0.70 -0.45 -0.40 -0.47 -1.06 -0.75 -1.56 -0.21  0.13 -0.49 -1.40
 1992  9 -0.47 -0.78 -0.29 -0.45 -0.69 -0.22 -0.49 -0.95 -0.34 -0.34 -0.42 -0.30 -0.53 -0.78 -0.22 -0.55 -1.36 -0.33 -0.82 -1.12 -0.36 -1.42 -2.04 -0.92 -0.03
 1992 10 -0.25 -0.38 -0.18 -0.30 -0.38 -0.22 -0.20 -0.38 -0.15 -0.21 -0.21 -0.20 -0.36 -0.43 -0.28 -0.19 -0.51 -0.10 -0.92 -1.01 -0.78 -0.42 -0.43 -0.42  0.31
 1992 11 -0.26 -0.43 -0.16 -0.24 -0.34 -0.15 -0.28 -0.62 -0.17 -0.35 -0.47 -0.28 -0.17 -0.26 -0.05 -0.27 -0.82 -0.12 -0.85 -0.93 -0.72 -0.42 -0.78 -0.14 -0.96
 1992 12 -0.31 -0.32 -0.30 -0.26 -0.24 -0.29 -0.35 -0.47 -0.31 -0.26 -0.29 -0.25 -0.27 -0.21 -0.35 -0.39 -0.65 -0.32 -0.96 -0.59 -1.57 -0.20 -0.88  0.34 -0.06
 1993  1 -0.34 -0.26 -0.39 -0.38 -0.29 -0.47 -0.30 -0.19 -0.34 -0.34 -0.49 -0.26 -0.40 -0.22 -0.64 -0.29  0.05 -0.38 -1.36 -0.52 -2.69  0.60  0.52  0.65 -0.24
 1993  2 -0.30 -0.35 -0.26 -0.28 -0.29 -0.26 -0.31 -0.47 -0.26 -0.45 -0.63 -0.35 -0.19 -0.16 -0.23 -0.25 -0.39 -0.21 -0.04  0.15 -0.35 -0.10 -0.38  0.12 -1.26
 1993  3 -0.46 -0.43 -0.48 -0.49 -0.41 -0.56 -0.43 -0.47 -0.42 -0.37 -0.46 -0.32 -0.57 -0.40 -0.79 -0.45 -0.48 -0.45 -1.13 -0.38 -2.33 -0.36 -0.69 -0.09 -0.62
 1993  4 -0.33 -0.52 -0.22 -0.46 -0.64 -0.30 -0.19 -0.29 -0.16 -0.13 -0.30 -0.04 -0.62 -0.73 -0.48 -0.25 -0.36 -0.22 -0.39 -0.56 -0.12 -0.33 -0.75  0.01 -1.03
 1993  5 -0.26 -0.40 -0.18 -0.28 -0.32 -0.24 -0.24 -0.56 -0.13 -0.06 -0.09 -0.04 -0.36 -0.36 -0.36 -0.36 -1.00 -0.19  0.38  0.23  0.63 -1.09 -1.91 -0.44 -0.19
 1993  6 -0.12 -0.26 -0.03 -0.17 -0.30 -0.05 -0.06 -0.18 -0.02  0.02 -0.09  0.08 -0.27 -0.37 -0.15 -0.10 -0.26 -0.06 -0.03 -0.30  0.40 -0.36 -0.99  0.14 -0.72
 1993  7 -0.11 -0.14 -0.09 -0.17 -0.24 -0.10 -0.05  0.05 -0.09 -0.02 -0.06  0.00 -0.24 -0.31 -0.15 -0.09  0.14 -0.15  0.12  0.11  0.13 -0.21  0.05 -0.42 -0.69
 1993  8 -0.25 -0.37 -0.19 -0.30 -0.41 -0.19 -0.21 -0.28 -0.19 -0.21 -0.27 -0.18 -0.36 -0.51 -0.17 -0.19 -0.16 -0.20 -0.42 -0.47 -0.33  0.01 -0.16  0.14 -0.51
 1993  9 -0.41 -0.58 -0.32 -0.50 -0.60 -0.40 -0.33 -0.54 -0.26 -0.24 -0.28 -0.21 -0.64 -0.75 -0.50 -0.38 -0.65 -0.31 -0.99 -1.24 -0.59 -0.72 -0.81 -0.66 -0.92
 1993 10 -0.19 -0.30 -0.12 -0.26 -0.36 -0.18 -0.11 -0.19 -0.08  0.04 -0.04  0.09 -0.42 -0.48 -0.35 -0.19 -0.26 -0.17 -0.58 -0.56 -0.62 -0.54 -0.69 -0.42 -0.62
 1993 11 -0.17 -0.42 -0.03 -0.27 -0.54 -0.01 -0.08 -0.19 -0.04  0.16  0.11  0.18 -0.48 -0.77 -0.12 -0.21 -0.39 -0.16 -0.47 -0.75 -0.01 -0.42 -0.97  0.02 -0.86
 1993 12 -0.01 -0.05  0.02 -0.01  0.03 -0.05  0.00 -0.19  0.06  0.26  0.19  0.30 -0.13 -0.02 -0.28 -0.16 -0.52 -0.06 -1.26 -0.98 -1.72 -0.91 -1.35 -0.55  0.09
 1994  1 -0.10 -0.19 -0.04 -0.06 -0.19  0.06 -0.13 -0.18 -0.11  0.04  0.04  0.03 -0.11 -0.28  0.10 -0.22 -0.32 -0.19 -0.56 -0.95  0.07 -0.70 -0.77 -0.65 -0.81
 1994  2 -0.24 -0.72  0.04 -0.29 -0.76  0.15 -0.19 -0.65 -0.04 -0.07 -0.16 -0.02 -0.41 -0.97  0.29 -0.25 -1.02 -0.05 -0.65 -1.33  0.42 -1.15 -1.73 -0.69 -1.18
 1994  3 -0.24 -0.31 -0.20 -0.23 -0.19 -0.26 -0.26 -0.56 -0.16 -0.17 -0.25 -0.13 -0.24 -0.16 -0.35 -0.32 -0.84 -0.18 -1.18 -0.70 -1.95 -0.60 -1.27 -0.07  0.56
 1994  4 -0.16 -0.10 -0.19 -0.11 -0.12 -0.09 -0.21 -0.06 -0.26 -0.13 -0.21 -0.09 -0.09 -0.09 -0.09 -0.26  0.04 -0.34  0.30  0.17  0.52  0.14  0.34 -0.02  0.49
 1994  5 -0.14 -0.13 -0.15  0.01  0.01  0.02 -0.30 -0.39 -0.26 -0.09 -0.20 -0.04  0.07  0.07  0.07 -0.41 -0.55 -0.37 -0.24  0.12 -0.82 -0.58 -1.08 -0.18  0.15
 1994  6  0.00  0.16 -0.09  0.04  0.11 -0.03 -0.04  0.25 -0.14 -0.15 -0.26 -0.10  0.13  0.23 -0.01  0.03  0.67 -0.14 -0.40 -0.33 -0.52  0.53  1.51 -0.24  0.88
 1994  7 -0.03  0.01 -0.06  0.05  0.06  0.04 -0.11 -0.08 -0.13 -0.11 -0.25 -0.04  0.12  0.15  0.08 -0.10  0.07 -0.15  0.09  0.36 -0.34  0.11  0.26 -0.01 -0.35
 1994  8 -0.14 -0.23 -0.09 -0.07 -0.07 -0.08 -0.20 -0.53 -0.09 -0.13 -0.29 -0.05 -0.04  0.03 -0.13 -0.25 -0.81 -0.10 -0.14  0.25 -0.76 -1.68 -1.89 -1.51 -0.20
 1994  9 -0.07 -0.04 -0.08 -0.01  0.01 -0.04 -0.12 -0.12 -0.12  0.00 -0.16  0.07 -0.03  0.08 -0.16 -0.17 -0.13 -0.18 -0.48  0.08 -1.37  0.18  0.01  0.32 -0.07
 1994 10 -0.25 -0.19 -0.28 -0.04 -0.03 -0.05 -0.45 -0.49 -0.44 -0.19 -0.30 -0.14  0.03  0.04  0.01 -0.58 -0.61 -0.57 -0.32  0.16 -1.08 -0.40 -0.32 -0.47 -0.19
 1994 11  0.03  0.15 -0.04  0.12  0.11  0.12 -0.06  0.23 -0.15  0.03  0.01  0.03  0.18  0.18  0.18 -0.12  0.29 -0.23 -1.07 -1.16 -0.92  0.62  0.77  0.51 -0.02
 1994 12  0.03  0.03  0.03 -0.01  0.00 -0.01  0.07  0.10  0.06  0.21  0.03  0.29 -0.11  0.02 -0.26 -0.02  0.07 -0.04 -0.72 -0.29 -1.41 -0.10 -0.56  0.26  1.45
 1995  1  0.02  0.07  0.00  0.19  0.29  0.10 -0.15 -0.37 -0.07  0.14 -0.04  0.23  0.22  0.42 -0.03 -0.29 -0.68 -0.19  0.68  1.25 -0.23 -0.89 -1.45 -0.44  0.04
 1995  2 -0.02  0.12 -0.11  0.13  0.34 -0.07 -0.18 -0.32 -0.13  0.00 -0.25  0.13  0.21  0.57 -0.24 -0.28 -0.45 -0.24  0.50  1.08 -0.43 -0.46 -0.49 -0.43  0.51
 1995  3 -0.13 -0.20 -0.09 -0.17 -0.21 -0.14 -0.09 -0.17 -0.06  0.04 -0.11  0.11 -0.29 -0.22 -0.37 -0.15 -0.29 -0.11 -0.86 -0.50 -1.45  0.00 -0.16  0.12  0.49
 1995  4  0.10  0.03  0.14  0.16  0.04  0.28  0.04  0.02  0.05  0.16  0.13  0.18  0.15  0.01  0.32 -0.01 -0.08  0.01  1.80  1.53  2.24  0.17  0.00  0.30 -1.16
 1995  5 -0.02 -0.09  0.03  0.08 -0.03  0.19 -0.12 -0.22 -0.08  0.05  0.05  0.05  0.11 -0.05  0.31 -0.21 -0.46 -0.14  0.52  0.52  0.51 -0.78 -1.21 -0.44 -1.05
 1995  6  0.07  0.20 -0.01  0.21  0.32  0.11 -0.08 -0.03 -0.09  0.24  0.30  0.21  0.19  0.31  0.04 -0.24 -0.25 -0.23  0.17  0.22  0.10  0.03 -0.33  0.32 -0.47
 1995  7  0.03  0.22 -0.08  0.02  0.01  0.03  0.04  0.63 -0.16  0.09  0.22  0.02  0.02 -0.01  0.07 -0.03  0.85 -0.26 -0.18 -0.49  0.32  1.35  2.31  0.59 -0.10
 1995  8  0.20  0.40  0.09  0.24  0.29  0.19  0.17  0.61  0.02  0.25  0.32  0.21  0.29  0.34  0.24  0.07  0.70 -0.10  0.56  0.55  0.59  0.41  0.83  0.07  1.22
 1995  9  0.11  0.06  0.13  0.16  0.03  0.29  0.05  0.14  0.02  0.15  0.20  0.12  0.17 -0.01  0.41 -0.01  0.03 -0.02  0.68  0.42  1.10 -0.53 -0.59 -0.49 -0.29
 1995 10 -0.02  0.07 -0.07 -0.04  0.10 -0.17  0.01  0.01  0.01  0.04  0.14 -0.01 -0.08  0.10 -0.30 -0.02 -0.14  0.02 -0.99 -0.70 -1.45 -0.09 -0.42  0.17  0.19
 1995 11  0.04  0.16 -0.03  0.24  0.23  0.25 -0.16  0.03 -0.22 -0.02  0.07 -0.06  0.35  0.28  0.44 -0.20  0.00 -0.26  0.92  0.65  1.35 -0.62 -0.23 -0.94 -0.35
 1995 12 -0.21 -0.37 -0.12 -0.39 -0.46 -0.33 -0.03 -0.20  0.03 -0.22 -0.26 -0.20 -0.48 -0.49 -0.46  0.07 -0.23  0.15 -0.65 -0.61 -0.72 -0.43 -0.82 -0.11  0.02
 1996  1 -0.19 -0.42 -0.06 -0.19 -0.43  0.04 -0.19 -0.40 -0.12 -0.26 -0.15 -0.32 -0.18 -0.55  0.29 -0.12 -0.54 -0.01  0.63  0.15  1.40 -0.57 -0.85 -0.35 -0.71
 1996  2  0.00 -0.05  0.02 -0.05 -0.06 -0.04  0.05 -0.01  0.07 -0.08 -0.01 -0.11 -0.03 -0.09  0.03  0.11  0.00  0.13 -0.18 -0.05 -0.40  0.19  0.40  0.02  0.48
 1996  3 -0.03 -0.27  0.10 -0.16 -0.42  0.09  0.09  0.04  0.11 -0.01  0.04 -0.03 -0.24 -0.57  0.19  0.14  0.04  0.17  0.91  0.69  1.27  0.25  0.09  0.39 -1.24
 1996  4 -0.16 -0.33 -0.06 -0.44 -0.70 -0.20  0.13  0.38  0.04 -0.12 -0.12 -0.12 -0.60 -0.86 -0.27  0.24  0.71  0.12  0.15 -0.32  0.89  0.88  1.60  0.31 -0.58
 1996  5 -0.19 -0.23 -0.18 -0.20 -0.14 -0.26 -0.19 -0.40 -0.12 -0.10 -0.11 -0.09 -0.27 -0.16 -0.41 -0.22 -0.62 -0.11 -0.77 -0.69 -0.89 -1.17 -1.70 -0.75  0.10
 1996  6 -0.18 -0.18 -0.18 -0.18 -0.17 -0.19 -0.19 -0.22 -0.18 -0.06 -0.10 -0.03 -0.22 -0.16 -0.29 -0.28 -0.39 -0.25 -0.89 -0.65 -1.26 -0.25 -0.59  0.02  0.72
 1996  7 -0.09 -0.09 -0.08 -0.12 -0.14 -0.10 -0.06 -0.01 -0.07  0.01 -0.01  0.01 -0.17 -0.17 -0.18 -0.10 -0.04 -0.12 -0.76 -0.41 -1.32 -0.17  0.01 -0.31 -0.01
 1996  8  0.04  0.10  0.00 -0.19 -0.27 -0.11  0.27  0.82  0.08 -0.08  0.02 -0.12 -0.21 -0.33 -0.07  0.42  1.39  0.16 -0.84 -0.90 -0.76  2.20  3.23  1.39  0.07
 1996  9  0.02 -0.03  0.06 -0.14 -0.23 -0.05  0.19  0.34  0.13  0.03  0.04  0.03 -0.24 -0.31 -0.15  0.28  0.59  0.20 -0.02 -0.09  0.08  0.83  1.17  0.56 -0.98
 1996 10 -0.04 -0.10  0.00 -0.07 -0.13 -0.01 -0.01 -0.05  0.00 -0.03 -0.03 -0.03 -0.12 -0.18 -0.03  0.03 -0.01  0.04 -0.20 -0.26 -0.10 -0.27 -0.49 -0.09  0.21
 1996 11  0.01  0.10 -0.04  0.18  0.17  0.18 -0.16 -0.03 -0.20 -0.15 -0.21 -0.12  0.35  0.30  0.41 -0.16  0.09 -0.23  1.54  1.62  1.40  0.45  0.57  0.36 -0.75
 1996 12 -0.08  0.02 -0.14 -0.01  0.02 -0.04 -0.14  0.03 -0.20 -0.21 -0.16 -0.23  0.12  0.11  0.13 -0.14  0.10 -0.20  0.32  0.13  0.63 -0.02  0.15 -0.16 -0.11
 1997  1 -0.18 -0.18 -0.17 -0.35 -0.17 -0.52  0.00 -0.20  0.06 -0.34 -0.36 -0.33 -0.34 -0.11 -0.64  0.16 -0.07  0.22 -0.87 -0.48 -1.51 -0.22 -0.31 -0.15 -0.45
 1997  2 -0.10 -0.20 -0.04 -0.13 -0.21 -0.06 -0.06 -0.17 -0.02 -0.28 -0.31 -0.27 -0.08 -0.17  0.03  0.08 -0.09  0.13 -0.96 -0.81 -1.21 -0.43 -0.82 -0.12  0.29
 1997  3 -0.14 -0.19 -0.11 -0.16 -0.26 -0.06 -0.12 -0.07 -0.14 -0.28 -0.22 -0.31 -0.08 -0.22  0.10 -0.05 -0.07 -0.05 -0.07 -0.47  0.57  0.35  0.09  0.55  0.87
 1997  4 -0.32 -0.38 -0.28 -0.34 -0.32 -0.35 -0.29 -0.48 -0.23 -0.41 -0.55 -0.34 -0.29 -0.21 -0.39 -0.24 -0.51 -0.17  0.09  0.75 -0.97 -0.42 -0.86 -0.07 -1.90
 1997  5 -0.14 -0.35 -0.01 -0.17 -0.30 -0.05 -0.10 -0.47  0.02 -0.17 -0.34 -0.08 -0.18 -0.28 -0.05 -0.06 -0.58  0.08 -0.22 -0.32 -0.05 -0.63 -1.09 -0.26 -0.49
 1997  6 -0.06  0.06 -0.13 -0.03  0.06 -0.12 -0.08  0.07 -0.13 -0.06 -0.02 -0.08 -0.03  0.08 -0.17 -0.08  0.14 -0.14  0.18  0.05  0.37  0.70  1.02  0.45  0.08
 1997  7  0.01 -0.03  0.04  0.08 -0.02  0.17 -0.05 -0.06 -0.05  0.36  0.31  0.39 -0.07 -0.12 -0.01 -0.27 -0.38 -0.24 -0.23 -0.28 -0.15 -0.66 -1.19 -0.23 -0.15
 1997  8  0.02  0.00  0.03  0.12  0.13  0.11 -0.08 -0.27 -0.02  0.30  0.26  0.33  0.02  0.06 -0.03 -0.28 -0.63 -0.19 -0.08  0.32 -0.71 -1.09 -1.54 -0.73 -0.36
 1997  9 -0.03  0.02 -0.06  0.13  0.08  0.18 -0.19 -0.11 -0.22  0.36  0.42  0.33  0.02 -0.03  0.08 -0.49 -0.53 -0.47  0.74  0.77  0.69 -1.15 -1.21 -1.11  0.85
 1997 10  0.01  0.03  0.00  0.06  0.09  0.03 -0.03 -0.07 -0.01  0.28  0.24  0.30 -0.05  0.04 -0.16 -0.19 -0.32 -0.16  0.06  0.27 -0.28 -0.29 -0.24 -0.34 -0.43
 1997 11  0.09  0.09  0.09 -0.03 -0.17  0.10  0.21  0.59  0.08  0.36  0.32  0.39 -0.19 -0.33 -0.02  0.07  0.79 -0.12 -0.16 -0.68  0.66  1.24  2.00  0.63 -1.13
 1997 12  0.22  0.24  0.21  0.13  0.04  0.21  0.31  0.64  0.20  0.68  0.53  0.76 -0.14 -0.13 -0.16  0.10  0.77 -0.07 -0.76 -0.80 -0.70  0.56  1.02  0.20 -0.16
 1998  1  0.47  0.31  0.57  0.42  0.22  0.61  0.53  0.48  0.54  1.06  0.91  1.13  0.08 -0.01  0.19  0.26  0.15  0.29  0.54  0.40  0.77 -0.31 -0.63 -0.05  0.53
 1998  2  0.65  0.91  0.50  0.67  0.90  0.44  0.63  0.92  0.53  1.26  1.17  1.31  0.33  0.82 -0.28  0.33  0.73  0.22 -1.71 -1.27 -2.41  0.78  0.78  0.78  0.62
 1998  3  0.42  0.25  0.51  0.46  0.21  0.69  0.38  0.33  0.39  1.04  0.93  1.09  0.16 -0.02  0.37  0.03 -0.19  0.09  0.02 -0.13  0.27 -0.81 -1.17 -0.52 -0.58
 1998  4  0.66  0.61  0.68  0.81  0.76  0.86  0.50  0.31  0.56  1.05  1.12  1.02  0.71  0.64  0.80  0.18 -0.32  0.32  0.50  0.00  1.31 -0.72 -1.55 -0.06 -0.94
 1998  5  0.56  0.69  0.49  0.55  0.59  0.51  0.57  0.89  0.47  0.88  0.91  0.87  0.43  0.50  0.35  0.36  0.87  0.22 -0.09  0.01 -0.25  0.89  0.77  1.00  1.04
 1998  6  0.51  0.70  0.40  0.57  0.61  0.52  0.45  0.86  0.32  0.53  0.57  0.51  0.63  0.66  0.59  0.38  1.01  0.21  0.69  0.97  0.24  0.85  1.28  0.52 -0.32
 1998  7  0.44  0.56  0.37  0.59  0.67  0.51  0.29  0.35  0.28  0.39  0.54  0.32  0.72  0.76  0.67  0.21  0.05  0.25  0.92  0.91  0.94 -0.67 -0.68 -0.66  0.76
 1998  8  0.44  0.54  0.39  0.45  0.53  0.37  0.44  0.55  0.40  0.40  0.48  0.36  0.51  0.59  0.40  0.43  0.50  0.41  0.55  0.51  0.60  0.13  0.34 -0.03  0.66
 1998  9  0.33  0.31  0.34  0.43  0.44  0.42  0.23  0.06  0.29  0.26  0.29  0.24  0.52  0.50  0.55  0.21 -0.15  0.31  0.03 -0.42  0.76 -0.18 -0.59  0.15  1.73
 1998 10  0.29  0.38  0.24  0.40  0.50  0.30  0.19  0.13  0.21  0.29  0.36  0.25  0.45  0.55  0.32  0.14 -0.07  0.20 -0.34 -0.54 -0.01 -0.73 -0.79 -0.69  0.72
 1998 11  0.08  0.02  0.12  0.14  0.05  0.22  0.03 -0.04  0.05  0.08  0.17  0.03  0.16 -0.01  0.37  0.01 -0.15  0.06  0.69  0.01  1.77 -0.76 -0.70 -0.80  0.77
 1998 12  0.19  0.24  0.16  0.28  0.43  0.13  0.10 -0.12  0.18  0.00  0.13 -0.06  0.42  0.51  0.31  0.15 -0.29  0.27  0.46  0.25  0.81 -0.79 -1.01 -0.61  0.93
 1999  1  0.02  0.20 -0.08  0.17  0.33  0.01 -0.12 -0.05 -0.14 -0.24 -0.06 -0.33  0.39  0.45  0.32 -0.07 -0.02 -0.08 -0.47 -0.59 -0.27 -1.01 -0.58 -1.34  0.81
 1999  2  0.13  0.39 -0.02  0.25  0.65 -0.12  0.01 -0.10  0.05 -0.28 -0.05 -0.39  0.53  0.86  0.12  0.16 -0.10  0.23 -0.05  0.13 -0.34 -0.36 -0.47 -0.28  1.50
 1999  3 -0.11 -0.11 -0.11 -0.05 -0.12  0.01 -0.17 -0.09 -0.19 -0.25 -0.08 -0.34  0.06 -0.16  0.35 -0.14 -0.02 -0.17  0.55  0.05  1.35 -0.28 -0.47 -0.12  0.34
 1999  4 -0.03 -0.03 -0.03  0.23  0.35  0.12 -0.30 -0.77 -0.14 -0.29 -0.22 -0.33  0.52  0.53  0.51 -0.31 -1.19 -0.07  0.22  0.31  0.08 -1.13 -2.09 -0.38  0.31
 1999  5 -0.06  0.00 -0.10  0.05  0.18 -0.07 -0.18 -0.34 -0.12 -0.39 -0.31 -0.43  0.28  0.34  0.21 -0.07 -0.36  0.01  0.19  0.07  0.38 -0.89 -1.31 -0.55  0.02
 1999  6 -0.18 -0.02 -0.27 -0.01  0.06 -0.07 -0.35 -0.17 -0.41 -0.37 -0.24 -0.44  0.18  0.13  0.23 -0.33 -0.05 -0.40  0.21  0.14  0.31  0.32  0.51  0.17 -0.19
 1999  7 -0.07  0.00 -0.12 -0.03  0.07 -0.11 -0.12 -0.12 -0.12 -0.30 -0.27 -0.32  0.13  0.18  0.06 -0.03 -0.01 -0.04 -0.01 -0.33  0.50 -0.08 -0.46  0.23  0.36
 1999  8 -0.13 -0.10 -0.15 -0.09 -0.08 -0.10 -0.17 -0.12 -0.18 -0.28 -0.32 -0.27  0.03  0.00  0.06 -0.12  0.01 -0.16 -0.20 -0.56  0.37 -0.37 -0.46 -0.30  0.30
 1999  9  0.01  0.16 -0.08  0.08  0.23 -0.07 -0.06  0.03 -0.08 -0.30 -0.22 -0.35  0.27  0.37  0.14  0.08  0.25  0.03  0.56  0.40  0.81  0.39  0.48  0.32 -0.30
 1999 10 -0.05  0.01 -0.09 -0.07  0.01 -0.15 -0.03  0.01 -0.05 -0.29 -0.26 -0.31  0.05  0.12 -0.03  0.09  0.21  0.06 -0.09 -0.03 -0.18  0.11  0.30 -0.04  0.67
 1999 11 -0.09 -0.06 -0.10  0.10  0.18  0.03 -0.27 -0.51 -0.19 -0.27 -0.20 -0.31  0.26  0.26  0.27 -0.24 -0.65 -0.13  0.10 -0.06  0.34 -0.57 -0.58 -0.55  2.20
 1999 12 -0.09 -0.02 -0.13  0.13  0.39 -0.12 -0.31 -0.83 -0.13 -0.28 -0.16 -0.35  0.37  0.59  0.09 -0.34 -1.43 -0.05 -0.37 -0.04 -0.90 -1.62 -2.64 -0.81  1.11
 2000  1 -0.34 -0.51 -0.24 -0.26 -0.30 -0.22 -0.42 -0.90 -0.26 -0.34 -0.14 -0.44 -0.21 -0.38  0.01 -0.47 -1.47 -0.21 -0.74 -0.80 -0.63 -2.00 -2.70 -1.45  0.45
 2000  2 -0.09 -0.08 -0.10 -0.03  0.10 -0.15 -0.16 -0.41 -0.07 -0.43 -0.43 -0.42  0.21  0.30  0.09 -0.05 -0.47  0.07  0.48  0.66  0.21 -0.60 -0.95 -0.32  1.91
 2000  3 -0.07 -0.03 -0.08 -0.06  0.10 -0.22 -0.07 -0.29  0.01 -0.42 -0.34 -0.46  0.14  0.23  0.02  0.10 -0.22  0.19  0.41  0.47  0.32 -0.48 -0.62 -0.37  1.32
 2000  4  0.03  0.26 -0.11  0.17  0.50 -0.15 -0.11 -0.22 -0.07 -0.28 -0.21 -0.31  0.41  0.73  0.00 -0.03 -0.20  0.01  0.57  0.88  0.07 -0.63 -0.53 -0.71  0.55
 2000  5  0.05  0.07  0.03  0.05  0.21 -0.10  0.04 -0.21  0.12 -0.17 -0.13 -0.19  0.18  0.32 -0.01  0.14 -0.26  0.25 -0.23  0.01 -0.60 -0.03 -0.24  0.13  1.39
 2000  6  0.00  0.02 -0.02 -0.05  0.03 -0.12  0.04  0.01  0.05 -0.28 -0.25 -0.29  0.08  0.12  0.03  0.20  0.23  0.18 -0.27  0.03 -0.76  0.48  0.90  0.16  0.07
 2000  7 -0.09  0.03 -0.15 -0.07  0.11 -0.24 -0.10 -0.14 -0.09 -0.29 -0.27 -0.30  0.00  0.18 -0.23  0.04  0.11  0.02  0.10  0.38 -0.35  0.67  0.84  0.53  0.03
 2000  8 -0.12 -0.01 -0.19  0.01  0.12 -0.09 -0.26 -0.25 -0.26 -0.15 -0.18 -0.13  0.08  0.20 -0.07 -0.30 -0.27 -0.31  0.21  0.21  0.21 -0.07  0.28 -0.35  0.52
 2000  9  0.00  0.07 -0.05  0.05  0.06  0.04 -0.05  0.10 -0.10 -0.17 -0.12 -0.20  0.15  0.10  0.22  0.02  0.33 -0.06 -0.11 -0.16 -0.02  0.63  1.04  0.31  0.50
 2000 10 -0.02 -0.14  0.04 -0.03 -0.14  0.07 -0.02 -0.16  0.02 -0.04 -0.09 -0.01 -0.02 -0.13  0.13 -0.02 -0.25  0.05  0.64  0.41  1.00 -0.29 -0.67  0.02  0.11
 2000 11 -0.01 -0.03  0.01 -0.03 -0.17  0.11  0.01  0.23 -0.06  0.06  0.05  0.06 -0.08 -0.24  0.12  0.00  0.39 -0.10  0.78  0.80  0.76  0.84  1.57  0.26 -1.59
 2000 12 -0.05 -0.04 -0.05  0.00 -0.04  0.03 -0.09 -0.04 -0.11  0.00  0.01  0.00 -0.04 -0.06 -0.02 -0.11 -0.06 -0.12  0.56  0.54  0.59 -0.31 -0.01 -0.55 -1.51
 2001  1 -0.05  0.01 -0.09  0.00  0.09 -0.09 -0.10 -0.16 -0.09 -0.24 -0.24 -0.25  0.10  0.17  0.02  0.00 -0.01  0.00  0.27  0.17  0.44 -0.22 -0.25 -0.19 -0.17
 2001  2  0.05 -0.07  0.12 -0.09 -0.21  0.03  0.18  0.21  0.17 -0.13 -0.13 -0.13 -0.05 -0.23  0.19  0.33  0.47  0.29  0.49  0.04  1.22  0.00  0.40 -0.32 -0.50
 2001  3  0.03  0.19 -0.07  0.15  0.37 -0.07 -0.09 -0.17 -0.06 -0.24 -0.33 -0.20  0.37  0.62  0.06 -0.04 -0.08 -0.03  0.20  0.44 -0.18 -0.09  0.08 -0.21 -0.82
 2001  4  0.17  0.17  0.17  0.20  0.26  0.15  0.15  0.00  0.19  0.01  0.00  0.01  0.30  0.34  0.26  0.21 -0.01  0.27 -0.08  0.22 -0.56 -0.14 -0.15 -0.13  0.57
 2001  5  0.19  0.37  0.08  0.30  0.54  0.07  0.08  0.05  0.08 -0.02 -0.03 -0.01  0.45  0.70  0.13  0.14  0.19  0.13  0.20  0.59 -0.42  0.68  0.98  0.45  0.50
 2001  6 -0.01  0.04 -0.04  0.00  0.10 -0.09 -0.03 -0.09  0.00 -0.20 -0.36 -0.13  0.12  0.25 -0.05  0.07  0.14  0.05  0.30  0.64 -0.24 -0.11  0.05 -0.25  0.01
 2001  7  0.06  0.14  0.01  0.12  0.22  0.03  0.01  0.00  0.01 -0.03 -0.08 -0.01  0.18  0.29  0.03  0.04  0.12  0.02  0.25  0.56 -0.25  0.48  0.68  0.32  0.41
 2001  8  0.24  0.18  0.28  0.36  0.40  0.32  0.13 -0.26  0.26  0.19  0.12  0.22  0.42  0.48  0.33  0.13 -0.52  0.31  0.66  0.74  0.55 -0.78 -1.90  0.11  0.66
 2001  9  0.09 -0.02  0.15  0.10  0.02  0.18  0.07 -0.10  0.13 -0.04 -0.03 -0.04  0.17  0.04  0.33  0.14 -0.14  0.22  0.56  0.35  0.91 -0.36 -0.33 -0.38  0.25
 2001 10  0.18 -0.01  0.30  0.13  0.07  0.20  0.23 -0.17  0.36  0.17  0.11  0.20  0.10  0.05  0.16  0.28 -0.37  0.46 -0.11 -0.11 -0.10 -0.17 -0.58  0.16 -0.05
 2001 11  0.17  0.21  0.15  0.24  0.38  0.11  0.10 -0.12  0.17  0.13  0.09  0.16  0.28  0.48  0.03  0.10 -0.29  0.20  0.03  0.32 -0.44 -0.47 -0.45 -0.48  1.58
 2001 12  0.17  0.00  0.27  0.20  0.08  0.31  0.14 -0.16  0.24  0.18  0.15  0.19  0.19  0.06  0.35  0.14 -0.41  0.29  1.39  1.24  1.63 -0.77 -0.73 -0.81  0.46
 2002  1  0.20  0.24  0.17  0.34  0.38  0.29  0.06 -0.02  0.09  0.00 -0.07  0.04  0.53  0.58  0.46  0.08 -0.12  0.13  0.50  0.33  0.79  0.01  0.41 -0.30  0.51
 2002  2  0.18  0.29  0.11  0.28  0.58 -0.01  0.08 -0.28  0.20  0.06  0.07  0.06  0.39  0.76 -0.08  0.09 -0.59  0.27 -1.48 -0.89 -2.43 -0.30 -0.74  0.05  0.39
 2002  3  0.24  0.35  0.17  0.35  0.37  0.32  0.13  0.32  0.06  0.12  0.06  0.15  0.48  0.48  0.47  0.12  0.51  0.01  1.20  0.87  1.72  1.01  1.33  0.76 -1.21
 2002  4  0.23  0.17  0.27  0.23  0.07  0.37  0.24  0.34  0.20  0.06  0.05  0.07  0.34  0.09  0.65  0.30  0.55  0.24 -0.07  0.04 -0.23  0.48  1.04  0.04  0.93
 2002  5  0.31  0.38  0.27  0.26  0.17  0.34  0.37  0.80  0.22  0.26  0.23  0.28  0.24  0.13  0.37  0.43  1.30  0.20  0.90  0.74  1.14  1.76  2.82  0.92 -0.59
 2002  6  0.31  0.29  0.32  0.23  0.27  0.18  0.39  0.32  0.42  0.17  0.08  0.22  0.27  0.34  0.17  0.50  0.49  0.50  0.61  0.68  0.49  0.59  0.56  0.61  1.05
 2002  7  0.22  0.28  0.18  0.31  0.36  0.25  0.13  0.11  0.14  0.32  0.27  0.35  0.24  0.33  0.14  0.08  0.15  0.07 -0.02  0.01 -0.07 -0.07  0.28 -0.35  1.02
 2002  8  0.17 -0.02  0.29  0.06  0.00  0.11  0.29 -0.07  0.41  0.15  0.03  0.22 -0.01 -0.04  0.02  0.38 -0.07  0.50  0.26  0.08  0.55  0.07 -0.49  0.50 -0.04
 2002  9  0.25  0.12  0.32  0.15  0.05  0.25  0.34  0.27  0.37  0.16  0.02  0.22  0.13  0.03  0.25  0.46  0.55  0.44  0.20  0.04  0.46  1.38  1.39  1.36  0.32
 2002 10  0.13  0.05  0.18 -0.11 -0.30  0.08  0.37  0.73  0.25  0.16  0.14  0.16 -0.21 -0.40  0.02  0.45  1.09  0.28  1.36  0.86  2.15  1.44  1.74  1.21 -1.44
 2002 11  0.25  0.29  0.23  0.21  0.19  0.24  0.29  0.47  0.23  0.21  0.13  0.26  0.22  0.22  0.22  0.31  0.70  0.21  1.25  1.12  1.46  1.14  1.34  0.98 -0.55
 2002 12  0.15 -0.09  0.29  0.03 -0.21  0.26  0.27  0.15  0.31  0.37  0.26  0.43 -0.14 -0.35  0.13  0.20  0.00  0.26  1.05  0.40  2.09  0.27  0.00  0.48  0.19
 2003  1  0.29  0.45  0.20  0.43  0.53  0.34  0.15  0.30  0.10  0.35  0.30  0.38  0.47  0.61  0.30  0.04  0.26 -0.02  0.76  0.86  0.60  0.50  0.55  0.47  0.66
 2003  2  0.17  0.10  0.22  0.10 -0.06  0.26  0.25  0.43  0.19  0.37  0.29  0.41 -0.05 -0.20  0.14  0.20  0.60  0.09  0.25  0.35  0.08  0.57  1.36 -0.05 -0.72
 2003  3  0.09  0.01  0.13  0.08 -0.06  0.21  0.10  0.13  0.08  0.17  0.05  0.23  0.02 -0.09  0.16  0.07  0.20  0.03  0.64  0.71  0.52  0.11  0.48 -0.18 -0.12
 2003  4  0.15  0.11  0.16  0.28  0.16  0.40  0.01  0.02  0.00  0.16  0.12  0.17  0.34  0.17  0.55 -0.05 -0.04 -0.06  0.83  0.69  1.05 -0.03 -0.11  0.03  0.24
 2003  5  0.22  0.24  0.22  0.37  0.35  0.38  0.08  0.00  0.11  0.17  0.18  0.16  0.44  0.39  0.51  0.06 -0.09  0.10  0.57  0.55  0.62 -0.92 -0.90 -0.93  0.17
 2003  6  0.03 -0.06  0.08  0.09  0.01  0.17 -0.03 -0.18  0.03 -0.05 -0.08 -0.03  0.17  0.06  0.31 -0.03 -0.32  0.05  0.29  0.04  0.69 -0.82 -1.20 -0.52 -0.26
 2003  7  0.11  0.04  0.15  0.09  0.10  0.08  0.13 -0.08  0.21  0.14  0.05  0.19  0.07  0.13  0.00  0.12 -0.22  0.21  0.39  0.65 -0.01 -0.70 -1.05 -0.42  0.66
 2003  8  0.11  0.02  0.16  0.21  0.26  0.15  0.02 -0.44  0.17  0.08 -0.12  0.18  0.26  0.36  0.13  0.00 -0.63  0.17  0.86  1.14  0.41  0.10 -0.56  0.62  0.59
 2003  9  0.19  0.22  0.18  0.27  0.27  0.27  0.11  0.11  0.11  0.10 -0.02  0.17  0.33  0.36  0.30  0.14  0.23  0.12  0.64  1.00  0.07  0.52  0.34  0.66 -0.25
 2003 10  0.30  0.24  0.33  0.44  0.39  0.50  0.16 -0.03  0.22  0.25  0.20  0.28  0.53  0.44  0.63  0.12 -0.21  0.21  1.46  1.41  1.53 -0.25 -0.23 -0.27  0.82
 2003 11  0.22  0.16  0.25  0.29  0.18  0.39  0.14  0.10  0.15  0.23  0.19  0.25  0.31  0.18  0.48  0.10  0.03  0.12  0.84  0.64  1.16  0.13  0.06  0.18 -0.10
 2003 12  0.37  0.50  0.29  0.49  0.58  0.40  0.25  0.36  0.21  0.23  0.13  0.28  0.65  0.76  0.50  0.24  0.47  0.18  0.48  0.91 -0.22  0.53  1.06  0.10  0.63
 2004  1  0.19  0.13  0.22  0.19  0.12  0.25  0.19  0.15  0.20  0.21  0.17  0.24  0.19  0.12  0.28  0.16  0.11  0.18  1.22  1.12  1.38  0.01  0.21 -0.14 -0.31
 2004  2  0.21  0.44  0.08  0.44  0.55  0.33 -0.01  0.21 -0.09  0.15 -0.03  0.25  0.54  0.72  0.31 -0.05  0.48 -0.20  0.82  1.09  0.39  0.44  1.01 -0.01 -0.43
 2004  3  0.32  0.34  0.31  0.49  0.40  0.58  0.15  0.21  0.12  0.23  0.18  0.25  0.62  0.48  0.79  0.11  0.22  0.08  0.16 -0.11  0.58  0.14  0.36 -0.03  1.50
 2004  4  0.15  0.02  0.23  0.18 -0.05  0.40  0.12  0.15  0.11  0.07  0.00  0.10  0.25 -0.03  0.61  0.14  0.19  0.12  0.73  0.02  1.88 -0.14  0.13 -0.35  0.28
 2004  5  0.05 -0.10  0.14  0.15  0.03  0.27 -0.05 -0.37  0.06  0.06 -0.02  0.10  0.18  0.02  0.39 -0.08 -0.56  0.04  0.41  0.26  0.65 -0.81 -0.97 -0.68  0.13
 2004  6  0.02 -0.17  0.14 -0.11 -0.26  0.02  0.16 -0.02  0.21 -0.08 -0.23  0.00 -0.14 -0.27  0.02  0.29  0.18  0.32  0.01  0.00  0.02 -0.19 -0.52  0.08 -0.85
 2004  7 -0.19 -0.49 -0.01 -0.19 -0.32 -0.08 -0.18 -0.84  0.04 -0.17 -0.23 -0.14 -0.22 -0.35 -0.06 -0.17 -1.32  0.14  0.03 -0.08  0.20 -1.85 -3.13 -0.84 -0.55
 2004  8 -0.06 -0.28  0.07  0.01 -0.18  0.18 -0.12 -0.48  0.00  0.07 -0.04  0.13 -0.06 -0.24  0.17 -0.19 -0.78 -0.03  0.35  0.22  0.57 -1.00 -1.61 -0.52 -1.38
 2004  9  0.12 -0.01  0.20  0.13  0.11  0.15  0.11 -0.25  0.24 -0.03 -0.11  0.01  0.22  0.18  0.27  0.19 -0.36  0.33  0.10  0.05  0.17 -0.27 -0.98  0.31  0.36
 2004 10  0.25  0.16  0.30  0.24  0.10  0.37  0.26  0.28  0.26  0.15  0.09  0.19  0.29  0.11  0.51  0.31  0.42  0.28  0.33  0.07  0.75  0.44  0.71  0.23  0.20
 2004 11  0.16  0.29  0.08  0.30  0.38  0.23  0.01  0.10 -0.02  0.22  0.15  0.26  0.34  0.45  0.20 -0.09  0.07 -0.14  0.00  0.24 -0.38  0.12  0.10  0.13  0.28
 2004 12  0.10  0.03  0.14  0.12 -0.10  0.33  0.07  0.27  0.00  0.27  0.23  0.29  0.04 -0.22  0.36 -0.03  0.34 -0.13 -1.00 -1.21 -0.66  0.50  1.18 -0.04  0.39
 2005  1  0.31  0.28  0.32  0.40  0.24  0.56  0.21  0.35  0.16  0.27  0.18  0.32  0.49  0.30  0.73  0.16  0.38  0.10  1.28  1.02  1.71  0.57  0.87  0.34  1.29
 2005  2  0.19  0.03  0.28  0.17 -0.14  0.47  0.21  0.36  0.16  0.52  0.63  0.46 -0.02 -0.42  0.48  0.06  0.20  0.02  1.27  0.78  2.04 -0.25  0.00 -0.44  0.84
 2005  3  0.22  0.24  0.21  0.39  0.27  0.51  0.06  0.20  0.01  0.46  0.42  0.48  0.34  0.20  0.52 -0.14  0.05 -0.19  1.25  1.03  1.60 -0.06  0.32 -0.37 -0.75
 2005  4  0.36  0.48  0.29  0.57  0.67  0.47  0.16  0.13  0.17  0.38  0.33  0.40  0.65  0.79  0.47  0.06 -0.07  0.10  1.33  1.54  0.98 -0.32 -0.76  0.02  0.29
 2005  5  0.21  0.18  0.23  0.16  0.20  0.12  0.26  0.14  0.31  0.18  0.08  0.23  0.15  0.27  0.00  0.31  0.11  0.36  1.31  1.49  1.02 -0.05 -0.28  0.13 -0.74
 2005  6  0.23  0.25  0.22  0.30  0.24  0.35  0.16  0.27  0.13  0.28  0.29  0.27  0.30  0.25  0.36  0.11  0.19  0.09  0.68  0.45  1.03  0.30  0.23  0.35  0.11
 2005  7  0.28  0.30  0.27  0.34  0.27  0.41  0.22  0.34  0.17  0.32  0.22  0.37  0.36  0.31  0.44  0.15  0.41  0.09  0.39  0.26  0.60  0.04  0.17 -0.05  0.54
 2005  8  0.14  0.11  0.16  0.17  0.12  0.22  0.11  0.08  0.12  0.18  0.19  0.17  0.17  0.11  0.25  0.07 -0.03  0.10  0.27  0.31  0.20  0.14 -0.55  0.68 -0.08
 2005  9  0.33  0.36  0.31  0.33  0.38  0.28  0.33  0.33  0.33  0.29  0.28  0.30  0.33  0.41  0.23  0.37  0.40  0.36 -0.20  0.08 -0.65  0.37  0.72  0.08  0.71
 2005 10  0.36  0.52  0.27  0.39  0.54  0.25  0.33  0.49  0.28  0.12  0.15  0.10  0.55  0.69  0.36  0.43  0.69  0.37  0.69  0.88  0.40  1.14  1.27  1.04  0.83
 2005 11  0.32  0.48  0.22  0.40  0.57  0.24  0.23  0.31  0.21  0.19  0.20  0.19  0.49  0.67  0.27  0.27  0.42  0.23  1.33  1.65  0.81  0.56  0.59  0.54  0.60
 2005 12  0.19  0.40  0.07  0.29  0.36  0.21  0.10  0.46 -0.03  0.10  0.14  0.07  0.35  0.40  0.29  0.13  0.82 -0.05  1.55  1.58  1.49  1.08  1.86  0.47 -0.14
 2006  1  0.20  0.15  0.23  0.28  0.14  0.41  0.12  0.18  0.10  0.02  0.24 -0.10  0.39  0.05  0.81  0.21  0.29  0.19  0.76 -0.45  2.68  0.07  0.00  0.13  2.10
 2006  2  0.24  0.43  0.13  0.48  0.55  0.40  0.00  0.19 -0.06  0.16  0.35  0.07  0.63  0.58  0.69 -0.07  0.15 -0.13  1.82  1.46  2.38  0.02  0.08 -0.02 -0.06
 2006  3  0.20  0.27  0.16  0.29  0.35  0.23  0.12  0.12  0.11 -0.04  0.02 -0.07  0.50  0.46  0.55  0.17  0.22  0.15  1.03  0.76  1.47  0.00  0.18 -0.14 -0.09
 2006  4  0.14  0.13  0.15  0.23  0.19  0.26  0.06  0.03  0.08 -0.10 -0.12 -0.09  0.37  0.27  0.50  0.17  0.18  0.17 -0.13 -0.68  0.74  0.06  0.13  0.01  1.91
 2006  5 -0.02 -0.09  0.02  0.16  0.19  0.13 -0.21 -0.65 -0.06 -0.17 -0.27 -0.12  0.32  0.33  0.31 -0.21 -0.93 -0.02  0.70  0.63  0.82 -1.19 -1.74 -0.76  0.71
 2006  6  0.14  0.23  0.08  0.21  0.37  0.06  0.06 -0.04  0.09  0.07  0.01  0.10  0.29  0.48  0.05  0.05 -0.08  0.08  0.51  0.87 -0.06 -0.14 -0.40  0.06  0.52
 2006  7  0.15  0.13  0.17  0.22  0.22  0.22  0.09 -0.05  0.13  0.25  0.28  0.24  0.18  0.18  0.18  0.02 -0.27  0.10  0.11  0.07  0.16 -0.84 -1.51 -0.30  0.97
 2006  8  0.20  0.31  0.14  0.16  0.15  0.17  0.25  0.63  0.12  0.17  0.12  0.19  0.16  0.16  0.15  0.29  1.03  0.09  0.28  0.47 -0.01  0.84  1.78  0.11  0.10
 2006  9  0.25  0.26  0.25  0.31  0.37  0.26  0.19  0.05  0.24  0.12  0.01  0.18  0.42  0.48  0.34  0.22  0.09  0.26  1.36  1.52  1.10 -0.09 -0.42  0.17 -0.97
 2006 10  0.32  0.32  0.32  0.28  0.26  0.30  0.36  0.45  0.33  0.29  0.23  0.32  0.28  0.27  0.29  0.39  0.62  0.32  0.51  0.23  0.95  0.59  0.52  0.65 -0.68
 2006 11  0.20  0.29  0.15  0.21  0.23  0.19  0.19  0.40  0.12  0.14  0.06  0.18  0.26  0.31  0.21  0.20  0.64  0.08  0.52  0.38  0.75  0.34  0.66  0.10  0.42
 2006 12  0.22  0.34  0.15  0.45  0.61  0.29  0.00 -0.18  0.06  0.36  0.24  0.43  0.49  0.73  0.18 -0.19 -0.52 -0.10  0.83  0.96  0.62 -0.88 -1.09 -0.71  1.23
 2007  1  0.42  0.72  0.25  0.59  0.87  0.33  0.25  0.43  0.19  0.51  0.44  0.54  0.65  1.03  0.18  0.10  0.38  0.02  0.36  0.91 -0.53  0.40  0.72  0.14 -0.10
 2007  2  0.26  0.37  0.20  0.46  0.50  0.42  0.06  0.10  0.05  0.30  0.39  0.25  0.53  0.50  0.57 -0.05 -0.05 -0.05  0.82  0.11  1.98 -0.28 -0.40 -0.19 -0.56
 2007  3  0.29  0.51  0.16  0.44  0.56  0.33  0.14  0.43  0.04  0.16  0.21  0.13  0.57  0.65  0.48  0.14  0.66  0.01  0.20  0.12  0.31  0.31  0.73 -0.03  2.14
 2007  4  0.20  0.44  0.06  0.35  0.48  0.22  0.06  0.35 -0.04  0.08  0.18  0.03  0.48  0.59  0.34  0.04  0.45 -0.06  1.73  1.87  1.51  0.27  0.67 -0.05  0.00
 2007  5  0.21  0.47  0.05  0.23  0.37  0.11  0.18  0.67  0.02  0.15  0.23  0.11  0.26  0.41  0.08  0.21  1.03 -0.01 -0.20 -0.20 -0.20  0.96  2.31 -0.11  0.66
 2007  6  0.20  0.32  0.13  0.28  0.33  0.23  0.12  0.29  0.07  0.17  0.23  0.14  0.34  0.38  0.28  0.09  0.29  0.04  1.01  0.66  1.57  0.76  1.27  0.36  0.19
 2007  7  0.21  0.31  0.15  0.22  0.27  0.18  0.20  0.40  0.14  0.19  0.20  0.19  0.24  0.31  0.14  0.21  0.52  0.13  0.68  0.70  0.66  0.94  1.48  0.52  0.48
 2007  8  0.21  0.27  0.17  0.18  0.28  0.10  0.24  0.27  0.23  0.01  0.06 -0.02  0.31  0.39  0.22  0.32  0.32  0.32  0.54  0.51  0.59  0.10  0.27 -0.04  0.74
 2007  9  0.17  0.28  0.10  0.17  0.21  0.14  0.16  0.41  0.08  0.14  0.19  0.11  0.22  0.26  0.17  0.15  0.46  0.06 -0.31 -0.37 -0.20 -0.63 -0.42 -0.79  0.46
 2007 10  0.19  0.31  0.12  0.24  0.37  0.11  0.14  0.19  0.12 -0.11  0.00 -0.17  0.44  0.51  0.35  0.24  0.29  0.23  0.83  0.92  0.69  0.10  0.08  0.12  1.36
 2007 11  0.10  0.17  0.06  0.08  0.16  0.01  0.11  0.21  0.08 -0.10  0.03 -0.17  0.18  0.20  0.17  0.22  0.34  0.19  0.45  0.50  0.38  0.70  0.95  0.50  0.29
 2007 12  0.00 -0.01  0.00  0.04  0.12 -0.03 -0.05 -0.26  0.02 -0.24 -0.03 -0.35  0.16  0.14  0.20  0.07 -0.37  0.19  0.69  0.51  0.99 -0.59 -1.04 -0.24  0.00
 2008  1 -0.24 -0.32 -0.20 -0.30 -0.39 -0.22 -0.18 -0.20 -0.18 -0.35 -0.14 -0.45 -0.27 -0.47 -0.01 -0.11 -0.24 -0.08 -0.17 -0.09 -0.31 -0.71 -1.03 -0.46 -1.00
 2008  2 -0.20 -0.24 -0.18 -0.04 -0.08  0.00 -0.36 -0.53 -0.30 -0.49 -0.29 -0.59  0.19 -0.03  0.47 -0.28 -0.68 -0.17  0.01 -0.29  0.49 -0.82 -1.32 -0.43  0.17
 2008  3 -0.03  0.49 -0.33  0.29  0.81 -0.20 -0.34 -0.13 -0.41 -0.54 -0.31 -0.66  0.69  1.11  0.16 -0.20  0.17 -0.31  0.26  0.56 -0.22 -0.06  0.47 -0.49 -0.71
 2008  4  0.01  0.18 -0.09  0.20  0.24  0.15 -0.18  0.07 -0.26 -0.46 -0.32 -0.54  0.52  0.42  0.64  0.00  0.40 -0.11  0.32  0.01  0.83  1.10  1.73  0.60 -0.27
 2008  5 -0.17 -0.02 -0.26 -0.09  0.05 -0.23 -0.25 -0.15 -0.28 -0.45 -0.33 -0.52  0.07  0.15 -0.02 -0.12  0.06 -0.17  0.91  1.03  0.71  0.38  0.38  0.37 -0.52
 2008  6 -0.10 -0.08 -0.12 -0.10  0.04 -0.23 -0.11 -0.31 -0.04 -0.17 -0.06 -0.22 -0.05  0.07 -0.20 -0.09 -0.50  0.02  0.02  0.09 -0.11 -1.30 -1.78 -0.91 -0.38
 2008  7  0.01  0.09 -0.04  0.01  0.07 -0.04  0.01  0.12 -0.03 -0.06  0.03 -0.10  0.07  0.10  0.02  0.02  0.14 -0.01  0.07  0.04  0.12 -0.11 -0.31  0.05 -0.08
 2008  8 -0.02 -0.02 -0.02  0.07  0.20 -0.04 -0.12 -0.45 -0.01 -0.10  0.03 -0.17  0.20  0.28  0.09 -0.16 -0.93  0.04  0.57  0.47  0.73 -0.66 -1.48 -0.01 -0.08
 2008  9  0.17  0.17  0.17  0.17  0.13  0.21  0.17  0.25  0.14  0.10  0.19  0.05  0.23  0.13  0.35  0.18  0.25  0.16  0.71  0.44  1.16  0.02 -0.10  0.12 -0.02
 2008 10  0.16  0.37  0.03  0.24  0.46  0.03  0.08  0.20  0.04  0.12  0.21  0.08  0.34  0.57  0.05  0.02  0.12 -0.01  0.25  0.62 -0.33 -0.49 -0.66 -0.36  0.38
 2008 11  0.19  0.35  0.10  0.28  0.48  0.09  0.10  0.08  0.11  0.12  0.27  0.05  0.36  0.54  0.12  0.10 -0.05  0.14  0.43  0.60  0.16 -0.37 -0.49 -0.26  0.36
 2008 12  0.13  0.13  0.13  0.36  0.24  0.47 -0.10 -0.10 -0.10 -0.02  0.14 -0.11  0.55  0.25  0.94 -0.14 -0.23 -0.11  0.87  0.39  1.64 -0.81 -0.94 -0.70  0.04
 2009  1  0.18  0.32  0.10  0.35  0.45  0.25  0.02  0.06  0.00 -0.12  0.10 -0.23  0.60  0.54  0.68  0.08  0.10  0.08  1.14  0.97  1.41 -0.18 -0.18 -0.18  0.42
 2009  2  0.20  0.46  0.05  0.47  0.63  0.31 -0.07  0.13 -0.13 -0.05  0.17 -0.16  0.70  0.70  0.71 -0.04  0.33 -0.14  0.61  0.21  1.25 -0.20  0.42 -0.69  0.68
 2009  3  0.13  0.30  0.03  0.22  0.29  0.14  0.05  0.32 -0.04 -0.13  0.07 -0.24  0.44  0.36  0.53  0.11  0.53  0.00  0.11 -0.07  0.38  0.53  0.81  0.31  0.57
 2009  4  0.09  0.22  0.02  0.15  0.25  0.05  0.03  0.15 -0.01  0.06  0.11  0.03  0.20  0.28  0.09  0.02  0.23 -0.03  0.27  0.65 -0.33 -0.37 -0.14 -0.55 -0.19
 2009  5  0.08  0.15  0.04  0.03  0.05  0.02  0.13  0.33  0.06  0.00  0.03 -0.02  0.04  0.03  0.05  0.21  0.65  0.09  0.35  0.06  0.81  0.92  1.59  0.39  0.14
 2009  6  0.02  0.04  0.01 -0.07 -0.08 -0.06  0.11  0.28  0.05  0.16  0.24  0.13 -0.21 -0.20 -0.22  0.09  0.35  0.03  0.04  0.23 -0.26  0.33  0.70  0.03 -0.39
 2009  7  0.37  0.33  0.40  0.11  0.02  0.20  0.63  0.93  0.53  0.49  0.49  0.49 -0.08 -0.15  0.00  0.71  1.32  0.54  0.11 -0.11  0.46  1.84  2.82  1.07 -0.87
 2009  8  0.21  0.24  0.19  0.15  0.03  0.26  0.26  0.65  0.13  0.41  0.48  0.37 -0.01 -0.13  0.14  0.21  0.83  0.05 -0.05 -0.07 -0.03  0.59  0.62  0.57 -0.38
 2009  9  0.41  0.54  0.34  0.48  0.60  0.35  0.35  0.41  0.33  0.57  0.65  0.54  0.40  0.59  0.16  0.26  0.21  0.27  0.44  0.76 -0.08 -0.27  0.04 -0.51  0.65
 2009 10  0.28  0.17  0.34  0.27  0.17  0.37  0.29  0.18  0.33  0.36  0.36  0.36  0.19  0.09  0.33  0.29  0.08  0.34  0.55  0.31  0.94  0.18  0.11  0.23 -1.28
 2009 11  0.41  0.49  0.36  0.35  0.39  0.32  0.46  0.68  0.38  0.44  0.44  0.44  0.32  0.38  0.24  0.46  0.89  0.35  0.37 -0.02  1.00  1.25  1.39  1.14  1.20
 2009 12  0.25  0.23  0.26  0.29  0.22  0.37  0.21  0.27  0.18  0.47  0.44  0.49  0.18  0.10  0.28  0.09  0.23  0.05  1.66  1.06  2.61  0.09  0.27 -0.05 -1.29
 2010  1  0.59  0.80  0.46  0.75  0.92  0.58  0.42  0.56  0.38  0.65  0.68  0.63  0.74  0.93  0.49  0.37  0.67  0.29  1.56  1.65  1.42  0.68  1.05  0.38 -0.30
 2010  2  0.55  0.74  0.44  0.63  0.75  0.52  0.47  0.73  0.38  0.76  0.92  0.67  0.51  0.63  0.36  0.36  0.71  0.27  1.92  1.60  2.43  0.80  1.18  0.49 -1.72
 2010  3  0.58  0.75  0.48  0.72  0.82  0.64  0.43  0.63  0.37  0.67  0.71  0.64  0.73  0.82  0.62  0.33  0.64  0.25  1.29  0.82  2.05  0.42  0.69  0.21  0.56
 2010  4  0.41  0.50  0.36  0.61  0.61  0.61  0.22  0.27  0.20  0.60  0.68  0.56  0.59  0.59  0.60  0.03 -0.06  0.06  1.93  1.83  2.11 -0.60 -0.78 -0.46  0.69
 2010  5  0.45  0.52  0.42  0.60  0.63  0.57  0.31  0.30  0.31  0.68  0.77  0.64  0.53  0.58  0.48  0.13 -0.06  0.18  2.14  2.07  2.26 -0.71 -0.67 -0.74 -0.70
 2010  6  0.38  0.31  0.42  0.43  0.48  0.39  0.32 -0.01  0.43  0.45  0.57  0.39  0.47  0.49  0.44  0.21 -0.59  0.43  0.54  0.24  1.03 -1.29 -2.09 -0.65  0.41
 2010  7  0.34  0.27  0.38  0.46  0.58  0.33  0.22 -0.33  0.41  0.30  0.37  0.26  0.56  0.70  0.40  0.15 -1.03  0.47  0.64  1.01  0.04 -1.73 -2.81 -0.88  0.40
 2010  8  0.37  0.39  0.36  0.48  0.60  0.36  0.26 -0.01  0.36  0.21  0.34  0.14  0.66  0.73  0.57  0.25 -0.40  0.43  0.92  0.97  0.84 -0.96 -1.57 -0.48  0.77
 2010  9  0.43  0.43  0.43  0.36  0.43  0.29  0.51  0.43  0.54  0.10  0.27  0.01  0.56  0.55  0.57  0.66  0.37  0.73  0.86  0.60  1.27  0.62  0.39  0.81  0.59
 2010 10  0.28  0.38  0.23  0.24  0.45  0.04  0.33  0.25  0.36 -0.05  0.15 -0.16  0.40  0.55  0.22  0.52  0.32  0.57  1.14  1.01  1.36  0.72  0.75  0.70  0.76
 2010 11  0.21  0.37  0.11  0.32  0.70 -0.05  0.09 -0.28  0.22 -0.28 -0.09 -0.37  0.63  0.94  0.24  0.29 -0.37  0.46  1.03  1.24  0.68 -0.39 -0.61 -0.21  0.06
 2010 12  0.14  0.28  0.06  0.21  0.46 -0.02  0.07 -0.08  0.12 -0.46 -0.24 -0.58  0.55  0.67  0.41  0.36  0.09  0.43  1.23  1.20  1.27 -0.19 -0.04 -0.30 -0.27
 2011  1  0.03  0.05  0.01  0.04  0.02  0.06  0.01  0.10 -0.02 -0.41 -0.17 -0.53  0.25  0.05  0.50  0.26  0.39  0.22  1.65  1.64  1.67 -0.19  0.30 -0.58 -0.98
 2011  2  0.00 -0.11  0.07  0.01 -0.11  0.12  0.00 -0.12  0.04 -0.36 -0.16 -0.46  0.15 -0.16  0.55  0.23  0.09  0.26 -0.19 -0.85  0.86 -0.19  0.15 -0.46 -0.16
 2011  3 -0.07 -0.03 -0.09 -0.01 -0.01 -0.01 -0.12 -0.06 -0.15 -0.35 -0.27 -0.38  0.14  0.05  0.24  0.02  0.19 -0.02  0.68  0.59  0.81  0.27  0.52  0.07  0.17
 2011  4  0.08  0.18  0.02  0.13  0.22  0.05  0.03  0.11  0.00 -0.24 -0.13 -0.30  0.31  0.33  0.28  0.19  0.31  0.16  0.78  0.60  1.07  0.47  1.06  0.00 -0.02
 2011  5  0.10  0.08  0.12  0.09  0.13  0.05  0.12 -0.01  0.17 -0.05  0.08 -0.12  0.13  0.13  0.13  0.25 -0.07  0.33  0.95  0.85  1.12 -0.04  0.02 -0.09 -0.71
 2011  6  0.26  0.31  0.24  0.30  0.41  0.19  0.23  0.10  0.27  0.18  0.34  0.10  0.33  0.42  0.21  0.28 -0.06  0.38  0.94  0.93  0.96 -0.04 -0.46  0.29  0.09
 2011  7  0.35  0.45  0.28  0.29  0.37  0.22  0.40  0.61  0.33  0.18  0.32  0.11  0.36  0.38  0.33  0.51  0.88  0.41  0.57  0.51  0.67  1.51  2.27  0.91  0.77
 2011  8  0.30  0.45  0.22  0.25  0.27  0.23  0.35  0.79  0.21  0.14  0.19  0.12  0.31  0.30  0.33  0.46  1.26  0.24  0.53  0.36  0.80  1.64  2.66  0.84  0.83
 2011  9  0.29  0.39  0.24  0.28  0.38  0.19  0.30  0.41  0.27  0.12  0.08  0.14  0.38  0.49  0.26  0.38  0.66  0.31  0.64  0.63  0.66  1.01  0.84  1.14  0.40
 2011 10  0.08  0.22 -0.01  0.14  0.31 -0.02  0.01  0.06  0.00 -0.15 -0.08 -0.18  0.28  0.42  0.11  0.11  0.22  0.08  0.29  0.48  0.00  0.51  0.82  0.26  0.16
 2011 11  0.09  0.13  0.06  0.08 -0.02  0.16  0.10  0.40  0.00 -0.06 -0.05 -0.06  0.11 -0.03  0.29  0.21  0.83  0.04  0.23 -0.10  0.76  0.85  1.84  0.07  0.15
 2011 12  0.07  0.06  0.07  0.13  0.13  0.13  0.01 -0.07  0.04 -0.03  0.06 -0.08  0.20  0.15  0.26  0.05 -0.15  0.10 -0.19 -0.07 -0.37 -0.44 -0.30 -0.55  0.79
 2012  1 -0.13 -0.22 -0.07 -0.06 -0.20  0.08 -0.20 -0.26 -0.18 -0.26 -0.06 -0.36  0.03 -0.27  0.42 -0.15 -0.38 -0.09  0.79  0.17  1.78 -0.72 -0.80 -0.66  1.35
 2012  2 -0.13 -0.10 -0.15  0.02 -0.07  0.11 -0.28 -0.16 -0.32 -0.33 -0.09 -0.45  0.18 -0.12  0.56 -0.23 -0.06 -0.27  1.73  1.70  1.79  0.18  0.35  0.05  0.84
 2012  3  0.05  0.05  0.05  0.12  0.05  0.19 -0.02  0.06 -0.05 -0.23 -0.20 -0.25  0.34  0.12  0.61  0.06  0.28  0.01  0.07 -0.59  1.12  0.40  0.56  0.28  3.03
 2012  4  0.23  0.45  0.10  0.35  0.65  0.07  0.11  0.05  0.13 -0.25 -0.17 -0.29  0.70  0.95  0.40  0.26  0.15  0.28  1.20  1.37  0.92  0.01  0.31 -0.22  1.50
 2012  5  0.18  0.40  0.05  0.34  0.57  0.13  0.02  0.08  0.00 -0.12 -0.13 -0.11  0.57  0.78  0.31  0.10  0.28  0.06  1.08  1.29  0.74  0.21  0.48  0.00  0.87
 2012  6  0.24  0.29  0.21  0.37  0.63  0.14  0.10 -0.36  0.26 -0.03 -0.04 -0.03  0.57  0.84  0.24  0.18 -0.60  0.39  1.69  1.95  1.27 -0.75 -1.38 -0.25  0.67
 2012  7  0.13  0.10  0.14  0.26  0.41  0.12  0.00 -0.49  0.16  0.15  0.11  0.18  0.33  0.52  0.07 -0.10 -1.04  0.15  0.59  0.80  0.25 -1.39 -2.13 -0.81  0.71
 2012  8  0.20  0.22  0.19  0.21  0.29  0.14  0.19  0.08  0.23  0.06  0.01  0.08  0.32  0.41  0.21  0.23  0.05  0.28  0.27  0.22  0.33 -0.10 -0.39  0.13  0.38
 2012  9  0.34  0.33  0.35  0.35  0.43  0.28  0.33  0.14  0.39  0.15  0.03  0.22  0.49  0.60  0.36  0.38  0.12  0.45  0.84  0.99  0.60 -0.20 -0.61  0.11  0.42
 2012 10  0.34  0.35  0.33  0.31  0.26  0.36  0.37  0.53  0.32  0.11  0.12  0.10  0.43  0.33  0.55  0.49  0.78  0.41  1.03  0.85  1.32  1.22  1.44  1.04 -0.34
 -999 -99 0.14  0.18  0.12  0.20  0.23  0.17  0.08  0.07  0.08  0.06  0.09  0.05  0.27  0.28  0.26  0.09  0.06  0.09  0.47  0.43  0.53 -0.04 -0.04 -0.04  0.24
% 1    2   3     4     5     6      7    8      9     10   11    12    13    14
% Trend    0.14  0.18  0.12  0.20  0.23  0.17  0.08  0.07  0.08  0.06  0.09  0.05  0.27  0.28  0.26  0.09  0.06  0.09  0.47  0.43  0.53 -0.04 -0.04 -0.04  0.24
% Year Mo Globe  Land Ocean   NH   Land Ocean   SH   Land Ocean Trpcs  Land Ocean NoExt  Land Ocean SoExt  Land Ocean NoPol  Land Ocean SoPol  Land Ocean USA48
%     
% Trend    0.14  0.18  0.12  0.20  0.23  0.17  0.08  0.07  0.08  0.06  0.09  0.05  0.27  0.28  0.26  0.09  0.06  0.09  0.47  0.43  0.53 -0.04 -0.04 -0.04  0.24
%    
%  NOTE:  New Reference for annual cycle 1981-2010 
%  NOTE:  Version 5.5 as of Oct 2012 
%    
%  GL 85S-85N, NH 0-85N, SH 85S-0, TRPCS 20S-20N
%  NoExt 20N-85N, SoExt 85S-20S, NoPol 60N-85N, SoPol 85S-60S
