648.75
652
652.75
653.5
654.25
655
655.75
656.5
657
657.25
657.5
658
658.5
658.75
659
659.5
660
660.25
660.5
661.25
661.75
662.25
662.75
663.25
663.75
664.25
664.5
665
665.25
665.5
665.75
666
666.25
666.5
667
667.75
668
668.5
669
669.5
670
670.5
670.75
671.25
672
672.25
672.5
673
673.75
674.5
675.25
676
676.75
677.5
678
678.5
679.25
680
680.75
681.25
681.75
682.25
682.5
683.25
684
684.5
684.75
685
685.5
686.5
687.25
688
688.75
689.5
689.75
691
691.5
692.5
693
694
694.5
694.75
695.25
695.5
696
696.5
697.25
697.75
698
698.25
699
699.25
699.5
700.25
700.75
701
701.25
701.75
702.25
702.5
702.75
703.75
704
704.5
705.5
706.25
707
707.75
708.25
709.5
709.75
710.25
711
711.5
712
713.5
714.5
715.25
716
718.25
718.75
719.5
719.75
720.5
721.25
722
723
724.75
725.5
726.25
726.5
727
727.75
728.5
731
731.5
732.25
733.25
733.75
734.75
735.5
736.25
737.5
737.75
738
738.5
739
739.5
740
740.5
741.25
742
744.25
745
745.75
746
746.5
746.75
747.25
747.5
748.25
748.75
749.25
750.5
751.25
751.75
752.75
753
753.25
754.5
755.25
756
757.25
759
759.5
762.75
764
765.5
772
773.5
781.25
782.75
784.5
786.25
787.5
788
789.25
790.75
793.25
801
806.25
810.25
811.75
821
829.5
833.75
844
861.5
871.25
875
901.5
906.25
917.25
919.25
925
928
938
942.5
943.25
950.25
962.5
965.5
979.25
997
998.25
999.75
1000.75
1001.5
1002.25
1003.25
1004.75
1005.25
1006
1007.25
1008.25
1009.75
1010.5
1012
1013.25
1014.5
1015.5
1016.5
1018.25
1018.75
1020.25
1021
1022
1022.25
1023
1024.25
1025
1026.25
1027
1027.75
1028.75
1029
1030
1031
1031.75
1033
1034.75
1036.75
1038.25
1039.5
1040.5
1041
1041.5
1046.25
1051.25
1054.5
1055.5
1057.75
1059.25
1059.5
1061.25
1062.5
1063.5
1065
1068.25
1069
1072.25
1091.25
1092.5
1096
1104.5
1115.75
1123
1131.25
1131.5
1142.5
1149.5
1168.25
1174.5
1198
1204.5
1212.5
1217
1225
1228
1231.25
1232
1232.75
1234.5
1236.5
1238.25
1244.25
1251.25
1285.25
1320
1330
1331
1334.75
1349.5
1367
1371.5
1372.25
1374.5
1375
1379.5
1380.75
1381
1381.75
1382.5
1384.25
1387.5
1389
1391
1391.75
1392.25
1392.5
1393
1395.25
1396.75
1398.25
1401.5
1402
1402.25
1403.75
1406.5
1407
1407.75
1408
1408.5
1409.25
1410.75
1412
1416.5
1418
1419.25
1421
1421.5
1422.25
1423.75
1426.5
1427
1428.75
1431.25
1432.5
1434.75
1436
1436.75
1438.5
1439.25
1442
1446.5
1451.75
1455.75
1456.75
1457.75
1458.75
1460.5
1465
1468.5
1470.5
1472
1472.75
1475.25
1476.25
1483.25
1486.25
1488.5
1489.25
1497.5
1498.75
1502.75
1504.25
1504.75
1505.25
1505.75
1506.25
1506.75
1507.25
1507.75
1508.25
1509.25
1511.5
1513.75
1515.75
1517.5
1519
1519.5
1520.75
1521.25
1522
1524.25
1526.5
1533.5
1538.5
1539
1539.75
1540.25
1541.25
1542
1544.5
1547.25
1551.25
1554.25
1556.25
1558
1559.25
1560
1563
1567
1569.75
1572.25
1576.25
1585.5
1598.25
1605
1616.75
1652.75
1659.5
1661.75
1665.25
1668.5
1684.75
1703.25
1709
1747.5
1769.25
1774.75
1782.75
1786.5
1796.75
1806.25
1819.25
1846.75
1857
1874.75
1879.5
1881.5
1886.5
1892.5
1893.75
1898.5
1901.75
1908.75
1926.75
1927.25
1930.75
1937.25
1939.25
1940.5
1941.75
1942.5
1986.75
1987.5
1989.5
1990
1990.5
1994
1994.5
1995
1995.5
1996
2006.25
2008.5
2012.75
2014.75
2015.5
2016
2017.75
2019
2020.25
2021.5
2022
2024
2026.75
2034.25
2069
2073.25
2082
2086.25
2091
2094.25
2094.5
2095
2099
2103
2103.25
2103.75
2107
2107.5
2107.75
2111
2112
2115
2115.75
2119
2119.75
2123.75
2127.75
2131.75
2135.5
2136.75
2139.25
2141.75
2142.75
2143.25
2144
2145.5
2146.75
2150.5
2151.25
2154.5
2158
2158.75
2161.5
2162.5
2165.25
2166
2169.25
2172.75
2176.25
2178.5
2179.75
2182
2183.25
2184.25
2185
2186.75
2188.25
2190.25
2191.5
2196
2197
2198
2224
2229.5
2230.25
2236.25
2240
2242.5
2267
2385.25
2386.25
2387.25
2388.5
2389
2390.25
2391
2391.5
2392
2392.5
2393
2393.5
2394
2394.5
2394.75
2395.75
2396.75
2398
2398.75
2400
2400.75
2401.5
2402
2402.75
2404.25
2405.5
2406.25
2407
2412
2412.75
2413.75
2415
2415.75
2417
2419.5
2447
2450.25
2452.5
2453.5
2456.5
2461.5
2462
2465.75
2492
2499.5
2500.5
2500.75
2501.25
2501.75
2502.5
2503.75
2505.75
2513.5
2532
2540.75
2561
2561.25
2602.5
2603.75
2608
2611
2616
2616.75
2622.75
2632.25
2637.75
2639.75
2643.5
2646.5
2648.5
2658.5
2664.25
